4 0.3453125 0.35625 0.16796875 0.0296875
12 0.50546875 0.20703125 0.31953125 0.09609375
0 0.71015625 0.4140625 0.39609375 0.03359375
3 0.26875 0.3859375 0.1671875 0.0265625
2 0.25546875 0.415625 0.1625 0.03046875
7 0.2890625 0.6328125 0.38828125 0.078125
8 0.53203125 0.62734375 0.0328125 0.08125
9 0.66171875 0.63359375 0.13515625 0.078125
5 0.28515625 0.72890625 0.09921875 0.03515625
14 0.26640625 0.78515625 0.0546875 0.02734375
13 0.1921875 0.80859375 0.04296875 0.025
6 0.2328125 0.83828125 0.0875 0.02421875
1 0.65390625 0.38359375 0.2953125 0.02578125
11 0.66484375 0.8671875 0.334375 0.028125