4 0.7390625 0.2375 0.04375 0.01875
3 0.7390625 0.25546875 0.06484375 0.0125
5 0.73359375 0.553125 0.05234375 0.01640625
6 0.72890625 0.60546875 0.07109375 0.0265625
10 0.65078125 0.50625 0.0375 0.06171875
8 0.58515625 0.5078125 0.03515625 0.0609375
7 0.3953125 0.51015625 0.26171875 0.07265625
12 0.5609375 0.12578125 0.1015625 0.01484375
1 0.28125 0.3453125 0.0953125 0.0125
0 0.2953125 0.36796875 0.13046875 0.0296875
9 0.728125 0.50546875 0.075 0.0625
6 0.73671875 0.575 0.0453125 0.0171875
2 0.7328125 0.27265625 0.05703125 0.01484375
11 0.5671875 0.14921875 0.11015625 0.03046875
14 0.6625 0.5765625 0.03671875 0.015625