4 0.7484375 0.24609375 0.04375 0.0203125
3 0.74765625 0.2640625 0.065625 0.0140625
5 0.73125 0.5609375 0.053125 0.01875
6 0.725 0.61328125 0.071875 0.0296875
10 0.65078125 0.51171875 0.0390625 0.0625
8 0.58515625 0.5109375 0.0375 0.0625
7 0.3953125 0.50625 0.2640625 0.08125
12 0.57421875 0.128125 0.1015625 0.01875
1 0.28671875 0.3375 0.0953125 0.015625
0 0.3 0.3609375 0.13125 0.034375
9 0.728125 0.51328125 0.0765625 0.065625
6 0.73359375 0.58359375 0.0453125 0.01875
2 0.740625 0.28125 0.0578125 0.0171875
11 0.5796875 0.1515625 0.1109375 0.034375
14 0.659375 0.58203125 0.0375 0.0171875