4 0.6171875 0.0796875 0.08359375 0.02109375
3 0.67109375 0.1203125 0.08125 0.015625
2 0.646875 0.140625 0.0796875 0.02109375
12 0.2265625 0.0421875 0.14296875 0.0390625
1 0.25859375 0.10078125 0.12109375 0.0171875
0 0.25859375 0.13125 0.184375 0.034375
5 0.91328125 0.43671875 0.0625 0.0203125
6 0.91328125 0.5203125 0.05859375 0.01796875
13 0.91640625 0.478125 0.053125 0.02109375
7 0.16796875 0.26875 0.26640625 0.12890625
8 0.6390625 0.27890625 0.0453125 0.14453125
10 0.7265625 0.2765625 0.06015625 0.1453125