4 0.853125 0.15 0.1171875 0.021875
3 0.85234375 0.10078125 0.1078125 0.015625
5 0.93125 0.7296875 0.0703125 0.01796875
6 0.91640625 0.840625 0.1046875 0.02890625
10 0.8109375 0.54765625 0.071875 0.09609375
8 0.66640625 0.54765625 0.05546875 0.09609375
7 0.34296875 0.54921875 0.296875 0.09921875
12 0.10234375 0.075 0.14765625 0.02578125
1 0.11171875 0.27578125 0.1671875 0.04453125
0 0.11953125 0.32421875 0.18359375 0.04609375
9 0.93359375 0.546875 0.0671875 0.09453125
13 0.93515625 0.7546875 0.0625 0.01640625
11 0.1203125 0.11484375 0.184375 0.04609375
14 0.81171875 0.753125 0.06640625 0.02421875