4 0.859375 0.15625 0.1171875 0.0234375
3 0.859375 0.10703125 0.1078125 0.0171875
5 0.92734375 0.7375 0.0703125 0.01875
6 0.91015625 0.84765625 0.1046875 0.03125
10 0.81015625 0.553125 0.0734375 0.096875
8 0.665625 0.55078125 0.0578125 0.096875
7 0.3421875 0.54609375 0.2984375 0.1046875
12 0.11015625 0.06796875 0.1484375 0.028125
1 0.115625 0.26875 0.1671875 0.046875
0 0.12265625 0.31796875 0.184375 0.05
9 0.9328125 0.5546875 0.06875 0.0953125
13 0.93046875 0.7625 0.0625 0.0171875
11 0.12734375 0.10859375 0.184375 0.05
14 0.80703125 0.75859375 0.0671875 0.025