4 0.66953125 0.15703125 0.08125 0.0234375
12 0.25390625 0.1078125 0.3328125 0.046875
1 0.6796875 0.89140625 0.175 0.025
5 0.8484375 0.64140625 0.0625 0.0234375
6 0.871875 0.7453125 0.1125 0.0359375
10 0.85234375 0.52421875 0.071875 0.1546875
8 0.61640625 0.521875 0.0359375 0.1609375
0 0.74609375 0.9125 0.3015625 0.021875
7 0.23671875 0.5171875 0.325 0.159375
14 0.86484375 0.66875 0.090625 0.0234375
3 0.67421875 0.18359375 0.125 0.025
2 0.71796875 0.20859375 0.125 0.025
11 0.215625 0.15703125 0.271875 0.03125