4 0.66328125 0.15390625 0.08046875 0.021875
12 0.246875 0.1125 0.3328125 0.04140625
1 0.68671875 0.88828125 0.17421875 0.02265625
5 0.85078125 0.63515625 0.06171875 0.02265625
6 0.87578125 0.7390625 0.11171875 0.03359375
10 0.85234375 0.51796875 0.06953125 0.15390625
8 0.61640625 0.51953125 0.03359375 0.16015625
0 0.753125 0.9078125 0.30078125 0.0171875
7 0.23671875 0.521875 0.321875 0.15390625
14 0.86796875 0.6625 0.08984375 0.021875
3 0.66875 0.18046875 0.125 0.02265625
2 0.7125 0.2046875 0.12421875 0.02265625
11 0.209375 0.16171875 0.27109375 0.02578125