4 0.3703125 0.3109375 0.07421875 0.01328125
12 0.684375 0.18046875 0.1625 0.02109375
1 0.30859375 0.19296875 0.09140625 0.0140625
5 0.703125 0.60078125 0.07109375 0.01875
6 0.70625 0.67421875 0.0875 0.0265625
10 0.55078125 0.46953125 0.05234375 0.15234375
8 0.62421875 0.46875 0.03515625 0.15390625
9 0.690625 0.465625 0.05546875 0.134375
7 0.3703125 0.46484375 0.19765625 0.14609375
14 0.69765625 0.6453125 0.06171875 0.021875
3 0.353125 0.3328125 0.1125 0.02265625
0 0.32421875 0.21875 0.12421875 0.034375
11 0.66484375 0.225 0.12109375 0.0453125