4 0.85859375 0.1453125 0.0515625 0.01328125
12 0.11953125 0.16171875 0.134375 0.0234375
1 0.70234375 0.2625 0.20703125 0.03515625
5 0.321875 0.71640625 0.07734375 0.0203125
6 0.31875 0.75703125 0.06953125 0.0171875
10 0.68203125 0.42421875 0.06953125 0.0765625
8 0.54609375 0.42578125 0.0390625 0.0765625
9 0.86171875 0.425 0.07421875 0.0765625
7 0.10625 0.428125 0.10546875 0.0828125
14 0.315625 0.73515625 0.05390625 0.01484375
3 0.68359375 0.184375 0.08671875 0.02265625
2 0.8640625 0.18359375 0.09921875 0.0171875
0 0.6640625 0.29921875 0.140625 0.03359375
11 0.11953125 0.1921875 0.13671875 0.03671875