4 0.85859375 0.1453125 0.0515625 0.0125
12 0.11953125 0.16171875 0.134375 0.0234375
1 0.70234375 0.2625 0.20625 0.034375
5 0.321875 0.71640625 0.078125 0.0203125
6 0.31875 0.75703125 0.06875 0.0171875
10 0.68203125 0.42421875 0.06875 0.0765625
8 0.54609375 0.42578125 0.0390625 0.0765625
9 0.86171875 0.425 0.075 0.0765625
7 0.10625 0.428125 0.10625 0.0828125
14 0.315625 0.73515625 0.053125 0.015625
3 0.68359375 0.184375 0.0875 0.021875
2 0.8640625 0.18359375 0.1 0.0171875
0 0.6640625 0.29921875 0.140625 0.034375
11 0.11953125 0.1921875 0.1375 0.0375