4 0.1765625 0.18359375 0.10625 0.03203125
3 0.1328125 0.22109375 0.18671875 0.03046875
13 0.9046875 0.84296875 0.06484375 0.0265625
5 0.89609375 0.796875 0.11015625 0.03671875
6 0.8953125 0.9 0.1125 0.02890625
10 0.7515625 0.71640625 0.09765625 0.05234375
8 0.63203125 0.72109375 0.04609375 0.04765625
7 0.16875 0.7203125 0.23125 0.0546875
12 0.50859375 0.0609375 0.278125 0.040625
2 0.17578125 0.2625 0.15859375 0.02578125
1 0.1015625 0.371875 0.115625 0.0328125
0 0.16328125 0.409375 0.2265625 0.0296875
9 0.8984375 0.71953125 0.0765625 0.046875