4 0.17109375 0.1890625 0.10625 0.034375
3 0.128125 0.22734375 0.1875 0.034375
13 0.9109375 0.8359375 0.065625 0.028125
5 0.9015625 0.78984375 0.1109375 0.0390625
6 0.90234375 0.89296875 0.1125 0.03125
10 0.75546875 0.71171875 0.0984375 0.0546875
8 0.6359375 0.71875 0.046875 0.0484375
7 0.17265625 0.72578125 0.2328125 0.059375
12 0.50078125 0.0609375 0.278125 0.0453125
2 0.171875 0.26796875 0.159375 0.028125
1 0.09921875 0.37890625 0.115625 0.034375
0 0.16171875 0.415625 0.2265625 0.034375
9 0.90234375 0.7125 0.078125 0.0484375