4 0.259375 0.071875 0.13046875 0.02265625
3 0.2328125 0.0953125 0.1078125 0.015625
5 0.85234375 0.68125 0.096875 0.02734375
6 0.81875 0.75859375 0.15546875 0.02890625
10 0.7578125 0.5109375 0.071875 0.27890625
8 0.60703125 0.5125 0.06015625 0.27109375
7 0.33828125 0.51484375 0.27109375 0.2765625
12 0.190625 0.253125 0.15546875 0.01640625
2 0.2078125 0.1140625 0.09453125 0.01796875
1 0.56953125 0.2515625 0.11171875 0.0203125
0 0.59140625 0.2890625 0.15078125 0.04453125
9 0.8578125 0.5125 0.07734375 0.2765625
13 0.859375 0.7078125 0.0625 0.01640625
11 0.20546875 0.28984375 0.184375 0.04609375