4 0.2515625 0.07578125 0.13125 0.025
3 0.22578125 0.1 0.1078125 0.0171875
5 0.85546875 0.675 0.096875 0.0296875
6 0.8234375 0.753125 0.15625 0.03125
10 0.7578125 0.50625 0.0765625 0.2796875
8 0.60703125 0.5109375 0.065625 0.271875
7 0.33828125 0.51796875 0.2765625 0.28125
12 0.18671875 0.25859375 0.15625 0.01875
2 0.20078125 0.11953125 0.0953125 0.0203125
1 0.56484375 0.25 0.1125 0.021875
0 0.5875 0.2875 0.1515625 0.046875
9 0.8578125 0.50625 0.0828125 0.278125
13 0.86328125 0.7015625 0.0625 0.0171875
11 0.2015625 0.2953125 0.184375 0.05