4 0.746875 0.09375 0.0984375 0.0265625
12 0.25078125 0.21171875 0.35 0.146875
0 0.740625 0.23984375 0.340625 0.040625
3 0.6890625 0.11875 0.125 0.021875
2 0.72890625 0.14140625 0.1140625 0.01875
7 0.271875 0.421875 0.2703125 0.0578125
8 0.50390625 0.42109375 0.034375 0.0625
9 0.8125 0.4203125 0.1078125 0.06875
5 0.81796875 0.49609375 0.090625 0.028125
14 0.73203125 0.515625 0.04375 0.028125
13 0.81484375 0.534375 0.084375 0.028125
6 0.8125 0.5921875 0.096875 0.025
1 0.66875 0.209375 0.184375 0.021875
11 0.25234375 0.91015625 0.303125 0.021875
10 0.653125 0.4234375 0.115625 0.071875