4 0.73046875 0.08203125 0.0578125 0.0234375
3 0.81328125 0.1015625 0.1078125 0.0171875
14 0.65 0.58984375 0.065625 0.028125
5 0.88359375 0.54765625 0.096875 0.0296875
6 0.85859375 0.628125 0.15625 0.03125
10 0.675 0.42578125 0.103125 0.2046875
8 0.109375 0.43671875 0.0625 0.2078125
7 0.22109375 0.4328125 0.0859375 0.2171875
12 0.190625 0.0703125 0.328125 0.084375
2 0.7296875 0.12109375 0.0953125 0.0203125
1 0.59453125 0.18671875 0.1125 0.021875
0 0.65546875 0.22734375 0.2359375 0.0578125
9 0.87890625 0.42109375 0.103125 0.209375
13 0.88046875 0.58671875 0.1015625 0.034375
11 0.19375 0.875 0.1984375 0.0234375