4 0.7375 0.0859375 0.0578125 0.021875
3 0.8203125 0.10703125 0.1078125 0.015625
14 0.6484375 0.5921875 0.06484375 0.0265625
5 0.8828125 0.5546875 0.096875 0.02734375
6 0.85625 0.634375 0.15546875 0.02890625
10 0.6765625 0.42890625 0.09921875 0.203125
8 0.11015625 0.4296875 0.059375 0.20703125
7 0.22265625 0.428125 0.0828125 0.215625
12 0.1984375 0.06484375 0.3265625 0.078125
2 0.7359375 0.125 0.09453125 0.01796875
1 0.6 0.18828125 0.11171875 0.0203125
0 0.66015625 0.23046875 0.234375 0.05390625
9 0.88046875 0.42734375 0.09921875 0.2078125
13 0.87890625 0.59296875 0.1015625 0.0328125
11 0.1875 0.86953125 0.1984375 0.01953125