4 0.6875 0.10078125 0.0578125 0.021875
3 0.76796875 0.11875 0.1078125 0.01953125
14 0.64296875 0.553125 0.06484375 0.0265625
5 0.9234375 0.5265625 0.078125 0.01875
6 0.884375 0.5890625 0.15546875 0.02890625
10 0.67421875 0.43671875 0.09765625 0.146875
8 0.0671875 0.44765625 0.059375 0.165625
7 0.15546875 0.44609375 0.0921875 0.1578125
12 0.1984375 0.034375 0.278125 0.040625
2 0.6828125 0.13984375 0.09453125 0.01796875
1 0.58515625 0.24375 0.08203125 0.01484375
0 0.6609375 0.27890625 0.234375 0.05390625
9 0.9234375 0.4359375 0.071875 0.14921875
13 0.92578125 0.5546875 0.071875 0.02578125
11 0.18203125 0.128125 0.1984375 0.01953125