4 0.68046875 0.09765625 0.0578125 0.0234375
3 0.7609375 0.1140625 0.1078125 0.021875
14 0.64375 0.55078125 0.065625 0.028125
5 0.92421875 0.51953125 0.078125 0.0203125
6 0.8859375 0.58203125 0.15625 0.03125
10 0.6734375 0.43359375 0.1 0.1484375
8 0.06640625 0.45546875 0.0625 0.1671875
7 0.1546875 0.45234375 0.0953125 0.159375
12 0.190625 0.03984375 0.278125 0.0453125
2 0.6765625 0.13671875 0.0953125 0.0203125
1 0.58046875 0.2421875 0.0828125 0.015625
0 0.65703125 0.27578125 0.2359375 0.0578125
9 0.921875 0.42890625 0.075 0.15
13 0.9265625 0.546875 0.071875 0.0265625
11 0.17578125 0.13359375 0.1984375 0.0234375