4 0.28359375 0.2359375 0.096875 0.0203125
12 0.2546875 0.08984375 0.33671875 0.04296875
11 0.25 0.1375 0.3078125 0.028125
5 0.85 0.5265625 0.10703125 0.02421875
6 0.83984375 0.59921875 0.13046875 0.03046875
10 0.7078125 0.40546875 0.103125 0.1484375
8 0.546875 0.40546875 0.0328125 0.14296875
9 0.86484375 0.40546875 0.08125 0.13984375
7 0.215625 0.40625 0.23671875 0.1390625
14 0.6078125 0.55625 0.03828125 0.01640625
3 0.84296875 0.23828125 0.1421875 0.02890625
13 0.859375 0.55546875 0.09609375 0.01875