4 0.2640625 0.1546875 0.07265625 0.01640625
12 0.284375 0.0953125 0.41171875 0.04921875
1 0.78046875 0.1546875 0.24765625 0.01796875
5 0.8171875 0.7265625 0.11171875 0.028125
6 0.815625 0.80390625 0.11640625 0.03046875
10 0.46484375 0.534375 0.1125 0.30546875
8 0.63203125 0.5375 0.03671875 0.31015625
9 0.82109375 0.5296875 0.10546875 0.309375
7 0.2296875 0.534375 0.2125 0.3078125
14 0.8328125 0.76796875 0.103125 0.028125
3 0.15703125 0.17890625 0.121875 0.025
0 0.75234375 0.17734375 0.309375 0.025