4 0.8703125 0.32265625 0.134375 0.0375
3 0.9 0.353125 0.07265625 0.02109375
13 0.88828125 0.715625 0.0609375 0.02265625
5 0.89140625 0.65859375 0.0765625 0.02421875
6 0.8953125 0.75078125 0.08359375 0.0265625
10 0.51171875 0.57109375 0.0453125 0.14296875
8 0.6296875 0.571875 0.03671875 0.1390625
7 0.14921875 0.57421875 0.128125 0.14453125
12 0.87109375 0.046875 0.1328125 0.03359375
1 0.12265625 0.30078125 0.1203125 0.0203125
0 0.15859375 0.34609375 0.190625 0.065625
9 0.81171875 0.56484375 0.0578125 0.128125
11 0.86171875 0.0875 0.1703125 0.04296875