4 0.8734375 0.32890625 0.134375 0.0390625
3 0.90234375 0.36015625 0.0734375 0.021875
13 0.884375 0.72265625 0.0609375 0.0234375
5 0.88828125 0.665625 0.0765625 0.025
6 0.890625 0.7578125 0.084375 0.028125
10 0.51015625 0.57109375 0.0484375 0.14375
8 0.628125 0.57421875 0.0390625 0.1390625
7 0.14765625 0.56796875 0.13125 0.146875
12 0.87890625 0.053125 0.1328125 0.0359375
1 0.1265625 0.29453125 0.1203125 0.021875
0 0.16171875 0.33984375 0.1921875 0.06875
9 0.81015625 0.5703125 0.059375 0.1296875
11 0.86875 0.09375 0.1703125 0.0453125