4 0.25234375 0.11796875 0.1125 0.0234375
3 0.17265625 0.13828125 0.1125 0.02578125
2 0.26015625 0.16328125 0.11484375 0.02109375
7 0.14609375 0.378125 0.190625 0.11015625
10 0.3578125 0.36875 0.0828125 0.08515625
8 0.5171875 0.3703125 0.05703125 0.0828125
9 0.78671875 0.3625 0.0796875 0.07109375
5 0.0921875 0.7203125 0.08203125 0.0234375
14 0.1703125 0.76875 0.04296875 0.02578125
13 0.1171875 0.7921875 0.03515625 0.02421875
6 0.1453125 0.81796875 0.0671875 0.01953125
12 0.71171875 0.1328125 0.2 0.02578125