4 0.75703125 0.17578125 0.13046875 0.02265625
3 0.7296875 0.20546875 0.1359375 0.025
6 0.8921875 0.8 0.15546875 0.02890625
10 0.79921875 0.6921875 0.06953125 0.1484375
8 0.690625 0.69765625 0.03515625 0.14140625
7 0.2546875 0.6984375 0.2109375 0.15
12 0.1234375 0.20546875 0.1515625 0.02265625
2 0.71796875 0.2546875 0.16640625 0.01796875
1 0.1640625 0.4015625 0.22734375 0.02734375
0 0.1875 0.471875 0.27734375 0.103125
9 0.9078125 0.69609375 0.0765625 0.14140625
11 0.13046875 0.28515625 0.1640625 0.1296875