4 0.28359375 0.03984375 0.15 0.03046875
3 0.5375 0.0671875 0.11953125 0.01953125
12 0.20546875 0.221875 0.2453125 0.01484375
11 0.23984375 0.25078125 0.30703125 0.0375
1 0.63984375 0.22109375 0.271875 0.01875
0 0.65234375 0.2484375 0.30390625 0.03515625
5 0.6078125 0.590625 0.10703125 0.021875
14 0.41796875 0.56484375 0.04765625 0.02265625
6 0.87421875 0.5921875 0.07734375 0.01796875
7 0.2484375 0.4375 0.2375 0.08828125
8 0.42421875 0.4359375 0.05859375 0.08125
10 0.59375 0.434375 0.05078125 0.08359375
9 0.6953125 0.43515625 0.0828125 0.08359375
13 0.71875 0.58984375 0.08046875 0.01953125