4 0.29140625 0.0359375 0.15 0.0328125
3 0.5453125 0.06796875 0.1203125 0.021875
12 0.21015625 0.21640625 0.2453125 0.01875
11 0.24453125 0.24609375 0.3078125 0.0421875
1 0.64453125 0.2234375 0.271875 0.0234375
0 0.65703125 0.25078125 0.3046875 0.040625
5 0.60625 0.5921875 0.1078125 0.0234375
14 0.4171875 0.56328125 0.0484375 0.0234375
6 0.87265625 0.5984375 0.078125 0.01875
7 0.24921875 0.4328125 0.2390625 0.0921875
8 0.425 0.434375 0.059375 0.0828125
10 0.59453125 0.4359375 0.0515625 0.084375
9 0.69609375 0.43828125 0.084375 0.084375
13 0.7171875 0.59375 0.08125 0.0203125