4 0.26796875 0.04765625 0.1515625 0.0359375
3 0.52265625 0.06640625 0.1203125 0.0234375
12 0.19609375 0.23203125 0.2453125 0.0234375
11 0.20703125 0.26015625 0.259375 0.0453125
1 0.6 0.2171875 0.2125 0.0265625
0 0.5875 0.24609375 0.1921875 0.0421875
5 0.6140625 0.77421875 0.1078125 0.025
14 0.425 0.75390625 0.0484375 0.025
6 0.88359375 0.765625 0.078125 0.0203125
7 0.246875 0.53984375 0.240625 0.284375
8 0.4234375 0.52890625 0.065625 0.265625
10 0.59453125 0.5234375 0.0734375 0.2671875
9 0.69921875 0.5171875 0.0859375 0.265625
13 0.73203125 0.76875 0.0671875 0.0234375