4 0.28359375 0.03984375 0.15 0.03046875
3 0.5375 0.0671875 0.11953125 0.01953125
12 0.20546875 0.221875 0.2453125 0.01484375
11 0.215625 0.25 0.25859375 0.0359375
1 0.61015625 0.22109375 0.21171875 0.01875
0 0.59609375 0.24921875 0.19140625 0.0359375
5 0.6046875 0.778125 0.10703125 0.021875
14 0.41640625 0.75078125 0.04765625 0.02265625
6 0.87421875 0.77890625 0.07734375 0.01796875
7 0.2453125 0.53125 0.23046875 0.27578125
8 0.42265625 0.5265625 0.05703125 0.26328125
10 0.59375 0.5265625 0.06484375 0.265625
9 0.6984375 0.52421875 0.0765625 0.2625
13 0.72265625 0.7765625 0.0671875 0.02109375