4 0.27578125 0.04375 0.15 0.0328125
3 0.5296875 0.06640625 0.1203125 0.021875
12 0.20078125 0.22734375 0.2453125 0.01875
1 0.60546875 0.21953125 0.2125 0.021875
0 0.64765625 0.24609375 0.3046875 0.040625
5 0.60390625 0.55390625 0.1078125 0.0234375
14 0.4171875 0.53125 0.0484375 0.0234375
6 0.8796875 0.5484375 0.078125 0.01875
7 0.24921875 0.421875 0.2421875 0.053125
8 0.42109375 0.41640625 0.0578125 0.040625
10 0.5984375 0.41171875 0.05625 0.0390625
9 0.69375 0.409375 0.0828125 0.040625
11 0.23125 0.25546875 0.3078125 0.0421875
13 0.7265625 0.55 0.0703125 0.0234375