4 0.28359375 0.03984375 0.15 0.03046875
3 0.5375 0.0671875 0.11953125 0.01953125
12 0.20546875 0.221875 0.2453125 0.01484375
1 0.61015625 0.22109375 0.21171875 0.01875
0 0.65234375 0.2484375 0.30390625 0.03515625
5 0.603125 0.55546875 0.10703125 0.021875
14 0.41640625 0.5296875 0.04765625 0.02265625
6 0.87890625 0.5546875 0.07734375 0.01796875
7 0.25078125 0.4171875 0.240625 0.04921875
8 0.42265625 0.41484375 0.05703125 0.03984375
10 0.6 0.41328125 0.05625 0.03828125
9 0.6953125 0.4125 0.0828125 0.0390625
11 0.2359375 0.25078125 0.30703125 0.0375
13 0.72578125 0.55390625 0.0703125 0.02265625