4 0.878125 0.31640625 0.10625 0.034375
3 0.21796875 0.3234375 0.1875 0.034375
13 0.878125 0.81953125 0.08125 0.021875
14 0.8578125 0.79765625 0.059375 0.01875
5 0.88671875 0.76796875 0.1109375 0.0390625
6 0.8875 0.84765625 0.1125 0.03125
10 0.63359375 0.684375 0.0984375 0.0875
8 0.46484375 0.6890625 0.0546875 0.0984375
9 0.88359375 0.678125 0.103125 0.0921875
7 0.225 0.7 0.3359375 0.1203125
12 0.72265625 0.05625 0.4015625 0.0703125
2 0.31640625 0.35390625 0.159375 0.028125
1 0.17109375 0.46796875 0.240625 0.0359375
0 0.1390625 0.5078125 0.16875 0.0421875
11 0.77421875 0.11171875 0.315625 0.0265625