4 0.88125 0.32265625 0.10625 0.03203125
3 0.22109375 0.31875 0.18671875 0.03046875
13 0.87265625 0.82578125 0.08125 0.02109375
14 0.85234375 0.80390625 0.05859375 0.01796875
5 0.88203125 0.775 0.11015625 0.03671875
6 0.88125 0.8546875 0.1125 0.02890625
10 0.63046875 0.68671875 0.09765625 0.08515625
8 0.46171875 0.68828125 0.05234375 0.09765625
9 0.88046875 0.68515625 0.1015625 0.090625
7 0.221875 0.6953125 0.33359375 0.1140625
12 0.73046875 0.06015625 0.4 0.06328125
2 0.31875 0.35078125 0.15859375 0.02578125
1 0.171875 0.4625 0.240625 0.03125
0 0.1390625 0.5015625 0.16796875 0.0390625
11 0.78125 0.11640625 0.31484375 0.0203125