4 0.27578125 0.04375 0.15 0.0328125
3 0.5296875 0.06640625 0.1203125 0.021875
12 0.20078125 0.22734375 0.2453125 0.01875
11 0.23515625 0.25546875 0.3078125 0.0421875
1 0.63515625 0.21875 0.271875 0.0234375
0 0.64765625 0.24609375 0.3046875 0.040625
5 0.6078125 0.60234375 0.1078125 0.0234375
14 0.41953125 0.5796875 0.0484375 0.0234375
6 0.86953125 0.596875 0.0890625 0.01875
7 0.24765625 0.4421875 0.2390625 0.0921875
8 0.4234375 0.4375 0.059375 0.0828125
10 0.59296875 0.4328125 0.0515625 0.084375
9 0.69453125 0.43203125 0.084375 0.084375
13 0.715625 0.59765625 0.0890625 0.0234375