4 0.28359375 0.03984375 0.15 0.03046875
3 0.5375 0.0671875 0.11953125 0.01953125
12 0.140625 0.22109375 0.11640625 0.015625
11 0.17734375 0.2484375 0.18984375 0.03046875
1 0.56171875 0.2203125 0.115625 0.01953125
0 0.6171875 0.24609375 0.2265625 0.03515625
5 0.59765625 0.71640625 0.10703125 0.021875
14 0.41796875 0.69140625 0.04765625 0.02265625
6 0.87734375 0.7171875 0.07734375 0.01796875
7 0.24765625 0.49921875 0.2359375 0.21171875
8 0.421875 0.49765625 0.05546875 0.2046875
10 0.59296875 0.49609375 0.0625 0.2046875
9 0.68984375 0.49453125 0.08828125 0.2046875
13 0.71953125 0.7140625 0.07578125 0.02265625