4 0.29140625 0.0359375 0.15 0.0328125
3 0.5453125 0.06796875 0.1203125 0.021875
12 0.1453125 0.21484375 0.1171875 0.0171875
11 0.18203125 0.24296875 0.190625 0.034375
1 0.56640625 0.22109375 0.115625 0.021875
0 0.621875 0.2484375 0.2265625 0.0390625
5 0.59375 0.71796875 0.1078125 0.0234375
14 0.41484375 0.68984375 0.0484375 0.0234375
6 0.8734375 0.7234375 0.078125 0.01875
7 0.24765625 0.49453125 0.2390625 0.215625
8 0.421875 0.49609375 0.059375 0.20625
10 0.59296875 0.49765625 0.065625 0.20625
9 0.68984375 0.49765625 0.0921875 0.20625
13 0.715625 0.71796875 0.0765625 0.0234375