12 0.7875 0.303125 0.1578125 0.01640625
5 0.9328125 0.646875 0.07265625 0.02421875
6 0.9109375 0.74453125 0.10859375 0.03515625
10 0.675 0.60390625 0.0578125 0.0265625
8 0.50703125 0.60390625 0.040625 0.02890625
9 0.93203125 0.60234375 0.06875 0.02109375
7 0.13046875 0.603125 0.18203125 0.025
3 0.28359375 0.39140625 0.1375 0.0296875
4 0.259375 0.35078125 0.0765625 0.025
1 0.2796875 0.3046875 0.12109375 0.02109375
2 0.28359375 0.43359375 0.1390625 0.0265625
13 0.9359375 0.68984375 0.05234375 0.02265625
14 0.72265625 0.68828125 0.03359375 0.02265625