12 0.784375 0.2984375 0.1578125 0.01875
5 0.93515625 0.6390625 0.0734375 0.025
6 0.91484375 0.7375 0.109375 0.0375
10 0.6765625 0.60078125 0.0578125 0.028125
8 0.50859375 0.60390625 0.040625 0.0296875
9 0.93359375 0.59453125 0.06875 0.021875
7 0.13203125 0.609375 0.1828125 0.028125
3 0.28203125 0.3953125 0.1375 0.0328125
4 0.25703125 0.3546875 0.0765625 0.0265625
1 0.2765625 0.30859375 0.121875 0.0234375
2 0.2828125 0.4375 0.1390625 0.0296875
13 0.9390625 0.68203125 0.053125 0.0234375
14 0.72578125 0.684375 0.034375 0.0234375