9 0.86796875 0.5171875 0.0984375 0.1125
8 0.69453125 0.51328125 0.0515625 0.1234375
7 0.25 0.52265625 0.3875 0.1015625
10 0.5546875 0.51796875 0.1 0.1234375
0 0.7484375 0.28828125 0.39375 0.0265625
5 0.87265625 0.665625 0.1078125 0.028125
6 0.87421875 0.77578125 0.1109375 0.0421875
13 0.84609375 0.7328125 0.059375 0.0375
4 0.2515625 0.2375 0.10625 0.0375
3 0.28046875 0.2734375 0.134375 0.025
2 0.30078125 0.30546875 0.1390625 0.0265625
1 0.69921875 0.265625 0.2921875 0.025
12 0.56953125 0.0890625 0.390625 0.096875
14 0.70078125 0.73515625 0.06875 0.0375