6 0.88515625 0.69375 0.1234375 0.028125
13 0.90078125 0.66171875 0.0921875 0.0265625
5 0.89140625 0.59921875 0.1140625 0.0265625
12 0.12265625 0.0171875 0.11875 0.01953125
8 0.4578125 0.48203125 0.05234375 0.11953125
3 0.2984375 0.275 0.1234375 0.01875
1 0.83984375 0.084375 0.221875 0.02578125
7 0.159375 0.47578125 0.18203125 0.1140625
10 0.69921875 0.47890625 0.10859375 0.12265625
9 0.81953125 0.47578125 0.10703125 0.1140625
4 0.29609375 0.25234375 0.0546875 0.02265625
11 0.13359375 0.046875 0.1359375 0.03359375
0 0.8484375 0.1359375 0.20859375 0.04296875
13 0.90078125 0.62890625 0.0859375 0.028125
14 0.73984375 0.62734375 0.0484375 0.02578125
14 0.74296875 0.659375 0.046875 0.0234375