6 0.878125 0.70703125 0.125 0.0328125
13 0.89453125 0.67578125 0.09375 0.0296875
5 0.8875 0.6125 0.115625 0.03125
12 0.1390625 0.0078125 0.11875 0.015625
8 0.45859375 0.48046875 0.05625 0.121875
3 0.30625 0.26796875 0.1234375 0.0234375
1 0.85390625 0.096875 0.221875 0.0328125
7 0.16015625 0.4640625 0.1859375 0.1203125
10 0.7 0.4859375 0.1125 0.1265625
9 0.8203125 0.48671875 0.1109375 0.1171875
4 0.3046875 0.2453125 0.0546875 0.025
11 0.15 0.034375 0.1375 0.0390625
0 0.8609375 0.1484375 0.209375 0.05
13 0.89609375 0.64296875 0.0875 0.03125
14 0.73515625 0.6359375 0.05 0.028125
14 0.7375 0.66796875 0.0484375 0.025