8 0.60546875 0.6390625 0.0546875 0.1375
10 0.42421875 0.64140625 0.1046875 0.1453125
2 0.8171875 0.38828125 0.11875 0.0328125
12 0.490625 0.13984375 0.446875 0.1078125
7 0.21171875 0.64140625 0.2703125 0.1421875
3 0.85703125 0.3515625 0.1234375 0.034375
12 0.2203125 0.3125 0.2828125 0.03125
9 0.82421875 0.6375 0.1265625 0.14375
6 0.81796875 0.74921875 0.1203125 0.0390625
11 0.2421875 0.3671875 0.315625 0.0578125
1 0.1515625 0.81328125 0.14921875 0.0296875
0 0.2234375 0.83984375 0.29375 0.0265625