9 0.79375 0.4984375 0.08125 0.05
5 0.79921875 0.56328125 0.0828125 0.0234375
6 0.79765625 0.6484375 0.0921875 0.025
8 0.4875 0.49921875 0.040625 0.0484375
7 0.284375 0.5 0.246875 0.053125
4 0.85625 0.11875 0.128125 0.028125
3 0.78671875 0.1453125 0.12734375 0.02265625
2 0.77578125 0.17109375 0.12265625 0.02421875
13 0.79609375 0.59375 0.08671875 0.025
14 0.67578125 0.5953125 0.0359375 0.03359375
1 0.24453125 0.32578125 0.15859375 0.02265625
0 0.3 0.34765625 0.27265625 0.0234375
12 0.19140625 0.13515625 0.21796875 0.13203125
11 0.78671875 0.89296875 0.25234375 0.0234375
10 0.65078125 0.49765625 0.06953125 0.05703125