9 0.88515625 0.7171875 0.0984375 0.15
6 0.88046875 0.94453125 0.09765625 0.0265625
0 0.19375 0.48828125 0.28515625 0.025
3 0.86015625 0.4296875 0.1453125 0.0234375
8 0.68828125 0.71640625 0.0640625 0.1578125
11 0.1921875 0.34765625 0.28515625 0.02421875
2 0.2640625 0.94609375 0.153125 0.03046875
12 0.18125 0.31953125 0.26875 0.0328125
1 0.2046875 0.46875 0.3125 0.021875
4 0.87421875 0.3984375 0.1296875 0.03125
10 0.50078125 0.71328125 0.09140625 0.1640625
7 0.2109375 0.709375 0.30078125 0.15234375
5 0.88671875 0.84453125 0.10078125 0.0265625
13 0.8828125 0.8765625 0.08515625 0.02734375
14 0.75078125 0.87890625 0.0296875 0.0328125