9 0.87734375 0.73046875 0.103125 0.153125
6 0.86484375 0.9578125 0.0984375 0.0296875
0 0.19453125 0.47734375 0.2859375 0.034375
3 0.8625 0.4421875 0.1453125 0.028125
8 0.68046875 0.72265625 0.06875 0.159375
11 0.19765625 0.33671875 0.2859375 0.034375
2 0.2484375 0.9375 0.1546875 0.0359375
12 0.1875 0.30859375 0.2703125 0.0421875
1 0.20625 0.45859375 0.3125 0.0328125
4 0.87734375 0.41171875 0.13125 0.0359375
10 0.49296875 0.71328125 0.096875 0.1671875
7 0.20390625 0.69921875 0.30625 0.1625
5 0.87421875 0.8578125 0.1015625 0.0296875
13 0.86953125 0.88984375 0.0859375 0.0296875
14 0.7375 0.8875 0.03125 0.034375