9 0.79375 0.50859375 0.0828125 0.053125
5 0.796875 0.5734375 0.0828125 0.0265625
6 0.7921875 0.65859375 0.09375 0.028125
8 0.4875 0.4984375 0.0421875 0.05
7 0.284375 0.4921875 0.2484375 0.0609375
4 0.86953125 0.13125 0.1296875 0.0328125
3 0.79921875 0.15546875 0.128125 0.0265625
2 0.78671875 0.18125 0.1234375 0.028125
13 0.79296875 0.60390625 0.0875 0.028125
14 0.67265625 0.6015625 0.0375 0.034375
1 0.25078125 0.3171875 0.159375 0.028125
0 0.30546875 0.340625 0.2734375 0.0328125
12 0.2046875 0.12421875 0.221875 0.1390625
11 0.77265625 0.903125 0.253125 0.0328125
10 0.65078125 0.503125 0.071875 0.059375