8 0.4421875 0.53515625 0.059375 0.0703125
4 0.88671875 0.29921875 0.06875 0.021875
10 0.6609375 0.5421875 0.0734375 0.08125
9 0.8734375 0.55 0.09375 0.075
7 0.2046875 0.52421875 0.2546875 0.0859375
6 0.8828125 0.73359375 0.053125 0.0265625
13 0.875 0.71171875 0.0640625 0.0234375
5 0.8703125 0.66953125 0.071875 0.0265625
14 0.69609375 0.709375 0.025 0.028125
3 0.87109375 0.3171875 0.09375 0.0234375
2 0.87109375 0.33828125 0.0984375 0.028125
1 0.20078125 0.259375 0.2046875 0.028125
0 0.21640625 0.28046875 0.2375 0.0265625
12 0.5140625 0.05078125 0.9109375 0.1