8 0.44375 0.5375 0.05625 0.06875
4 0.8796875 0.2859375 0.06875 0.01875
10 0.6625 0.53671875 0.07109375 0.07890625
9 0.875 0.53671875 0.090625 0.07265625
7 0.20546875 0.534375 0.2515625 0.07734375
6 0.890625 0.7203125 0.05234375 0.02421875
13 0.88203125 0.6984375 0.06328125 0.02109375
5 0.87578125 0.65625 0.07109375 0.0234375
14 0.703125 0.70234375 0.0234375 0.0265625
3 0.86484375 0.3046875 0.09375 0.0203125
2 0.865625 0.32578125 0.096875 0.025
1 0.1921875 0.2703125 0.20390625 0.02109375
0 0.20859375 0.290625 0.23671875 0.01875
12 0.4984375 0.05078125 0.90859375 0.06796875