7 0.43203125 0.48046875 0.1859375 0.1578125
10 0.59921875 0.4796875 0.0734375 0.146875
0 0.4046875 0.3375 0.121875 0.0375
0 0.67265625 0.3421875 0.1234375 0.0375
9 0.69296875 0.48125 0.0609375 0.14375
1 0.4125 0.3140625 0.1 0.015625
8 0.290625 0.478125 0.04375 0.153125
1 0.68125 0.3125 0.1 0.021875
12 0.37421875 0.19453125 0.1609375 0.040625
6 0.7 0.72578125 0.08125 0.0328125
14 0.69375 0.6921875 0.0625 0.025
5 0.69765625 0.66640625 0.0734375 0.0234375
4 0.56796875 0.27890625 0.046875 0.015625
3 0.69453125 0.278125 0.071875 0.0203125
11 0.31484375 0.240625 0.11875 0.0484375