7 0.28828125 0.50859375 0.2296875 0.14140625
8 0.70625 0.5046875 0.03125 0.1375
5 0.834375 0.596875 0.08359375 0.015625
10 0.5890625 0.51015625 0.07578125 0.1359375
8 0.1375 0.50390625 0.0375 0.1328125
0 0.2171875 0.22578125 0.1625 0.0421875
9 0.83828125 0.50859375 0.08046875 0.1328125
12 0.81796875 0.08046875 0.1859375 0.0359375
6 0.83828125 0.6453125 0.08671875 0.0203125
13 0.86484375 0.6203125 0.02421875 0.01484375
4 0.828125 0.35859375 0.0703125 0.01796875
3 0.83125 0.371875 0.08125 0.01484375
1 0.17890625 0.19140625 0.08359375 0.02265625
11 0.80859375 0.1609375 0.15703125 0.0453125