0 0.39921875 0.33828125 0.1203125 0.0328125
7 0.43046875 0.48046875 0.1828125 0.1578125
10 0.59921875 0.478125 0.0671875 0.15
0 0.66953125 0.3375 0.1203125 0.03125
6 0.70078125 0.7234375 0.0859375 0.028125
8 0.2875 0.48125 0.040625 0.15
9 0.69140625 0.478125 0.0609375 0.14375
5 0.70078125 0.66171875 0.0734375 0.0265625
1 0.41484375 0.31171875 0.1 0.0125
14 0.69765625 0.6875 0.0640625 0.025
12 0.365625 0.19609375 0.15625 0.03828125
1 0.68046875 0.309375 0.09375 0.01796875
11 0.31015625 0.24765625 0.12109375 0.0484375
4 0.5640625 0.27578125 0.05078125 0.01484375
3 0.6921875 0.275 0.0734375 0.01640625