5 0.865625 0.696875 0.1 0.03125
8 0.3984375 0.56796875 0.053125 0.1890625
9 0.86328125 0.565625 0.0890625 0.18125
13 0.87421875 0.76171875 0.0765625 0.0234375
6 0.86640625 0.79140625 0.0921875 0.0265625
4 0.23046875 0.290625 0.0859375 0.025
0 0.4078125 0.37890625 0.146875 0.0359375
7 0.275 0.57109375 0.125 0.19609375
10 0.5296875 0.56328125 0.096875 0.1828125
1 0.1796875 0.353125 0.1375 0.0203125
0 0.17578125 0.37890625 0.1390625 0.0328125
12 0.146875 0.07265625 0.153125 0.0234375
1 0.40078125 0.353125 0.1046875 0.021875
6 0.86328125 0.8359375 0.1078125 0.034375
3 0.81015625 0.28984375 0.1203125 0.0265625
11 0.2703125 0.11953125 0.396875 0.06015625