7 0.28828125 0.5015625 0.234375 0.15
8 0.70625 0.51171875 0.0359375 0.1390625
5 0.83046875 0.60859375 0.084375 0.01875
10 0.58828125 0.51328125 0.08125 0.1390625
8 0.1375 0.49140625 0.0421875 0.134375
0 0.2265625 0.21640625 0.1640625 0.0484375
9 0.8375 0.5203125 0.084375 0.1359375
12 0.83203125 0.0921875 0.1875 0.0421875
6 0.8328125 0.65703125 0.0875 0.0234375
13 0.86015625 0.6328125 0.025 0.015625
4 0.8328125 0.3703125 0.0703125 0.0203125
3 0.83515625 0.38359375 0.08125 0.0171875
1 0.18984375 0.18046875 0.084375 0.025
11 0.8203125 0.171875 0.1578125 0.05