10 0.65 0.51328125 0.0875 0.0734375
8 0.434375 0.525 0.046875 0.08125
11 0.19453125 0.30546875 0.3140625 0.0296875
12 0.13828125 0.2703125 0.1953125 0.025
9 0.8375 0.51328125 0.08125 0.0703125
1 0.4796875 0.2734375 0.1078125 0.03203125
2 0.88125 0.11953125 0.128125 0.0296875
5 0.84375 0.6015625 0.09375 0.0375
7 0.15078125 0.52421875 0.21796875 0.075
0 0.56953125 0.30859375 0.2921875 0.03515625
3 0.88125 0.08984375 0.13359375 0.0265625
4 0.89375 0.0625 0.103125 0.02421875
14 0.8234375 0.63515625 0.03828125 0.02890625
13 0.84140625 0.66796875 0.0765625 0.0296875
6 0.8453125 0.79765625 0.08359375 0.03203125