10 0.72265625 0.39375 0.0640625 0.05625
6 0.89140625 0.63046875 0.0828125 0.025
7 0.1578125 0.39296875 0.17890625 0.0625
5 0.8921875 0.5625 0.075 0.0265625
8 0.6 0.3859375 0.03125 0.0359375
9 0.90390625 0.40078125 0.06171875 0.0546875
13 0.8984375 0.596875 0.065625 0.0234375
3 0.85546875 0.17265625 0.0890625 0.0171875
1 0.1015625 0.2046875 0.065625 0.01640625
12 0.18828125 0.06328125 0.2375 0.025
4 0.66796875 0.16875 0.04453125 0.01875
11 0.13125 0.1046875 0.12890625 0.040625
0 0.1296875 0.234375 0.1234375 0.040625