10 0.72109375 0.38984375 0.065625 0.0578125
6 0.89375 0.61796875 0.0828125 0.0265625
7 0.15390625 0.4015625 0.1796875 0.065625
5 0.89296875 0.5484375 0.075 0.028125
8 0.59453125 0.384375 0.03125 0.0359375
9 0.90078125 0.38515625 0.0625 0.05625
13 0.9 0.58125 0.065625 0.025
3 0.83828125 0.15703125 0.0890625 0.01875
1 0.08828125 0.21875 0.065625 0.0171875
12 0.1609375 0.07265625 0.2375 0.0296875
4 0.65390625 0.16171875 0.0453125 0.01875
11 0.11875 0.1140625 0.1296875 0.0421875
0 0.1203125 0.24765625 0.1234375 0.0421875