10 0.7265625 0.4015625 0.065625 0.0578125
6 0.88671875 0.64375 0.084375 0.028125
7 0.16171875 0.38125 0.18125 0.06875
5 0.88984375 0.57578125 0.0765625 0.0296875
8 0.60390625 0.38984375 0.0328125 0.0375
9 0.90703125 0.41484375 0.0640625 0.05625
13 0.89453125 0.6109375 0.065625 0.025
3 0.86640625 0.18515625 0.0890625 0.0203125
1 0.1125 0.190625 0.065625 0.01875
12 0.20390625 0.05234375 0.2375 0.0328125
4 0.6796875 0.175 0.0453125 0.0203125
11 0.1453125 0.0921875 0.1296875 0.0453125
0 0.1390625 0.221875 0.125 0.0453125