10 0.72265625 0.39375 0.0640625 0.05625
6 0.89140625 0.625 0.0828125 0.025
7 0.15546875 0.3953125 0.17890625 0.0625
5 0.8921875 0.55546875 0.075 0.0265625
8 0.596875 0.3859375 0.03125 0.0359375
9 0.90234375 0.3921875 0.06171875 0.0546875
13 0.8984375 0.58828125 0.065625 0.0234375
3 0.84453125 0.16328125 0.0890625 0.0171875
1 0.09296875 0.21171875 0.065625 0.01640625
12 0.16875 0.0671875 0.2375 0.025
4 0.66015625 0.16484375 0.04453125 0.01875
11 0.12578125 0.1078125 0.12890625 0.040625
0 0.125 0.24140625 0.1234375 0.040625