5 0.86953125 0.70546875 0.1 0.03125
8 0.3984375 0.56796875 0.053125 0.1890625
9 0.8671875 0.565625 0.0890625 0.18125
13 0.87265625 0.765625 0.0765625 0.0234375
6 0.86484375 0.7984375 0.0921875 0.0265625
4 0.2359375 0.28671875 0.0859375 0.025
0 0.4078125 0.37890625 0.146875 0.0359375
7 0.275 0.57109375 0.125 0.196875
10 0.5296875 0.56328125 0.096875 0.1828125
1 0.18359375 0.34765625 0.1375 0.0203125
0 0.17578125 0.37578125 0.1390625 0.0328125
12 0.1578125 0.065625 0.153125 0.0234375
1 0.41171875 0.353125 0.1046875 0.021875
6 0.86171875 0.83984375 0.1078125 0.034375
3 0.8171875 0.296875 0.1203125 0.0265625
11 0.28125 0.11640625 0.396875 0.059375