7 0.3109375 0.5296875 0.15 0.06875
8 0.19296875 0.53046875 0.0328125 0.0640625
3 0.83203125 0.296875 0.125 0.0171875
9 0.63671875 0.53125 0.0703125 0.06875
2 0.82890625 0.3171875 0.1265625 0.021875
4 0.86640625 0.2546875 0.0859375 0.028125
10 0.4765625 0.5296875 0.06875 0.065625
12 0.121875 0.028125 0.1671875 0.0203125
13 0.66484375 0.64765625 0.0515625 0.0203125
6 0.68359375 0.671875 0.0640625 0.021875
0 0.13046875 0.3 0.18671875 0.01640625
12 0.1 0.275 0.13125 0.03125
14 0.6953125 0.62265625 0.04296875 0.01875
5 0.7125 0.5953125 0.06171875 0.02421875
11 0.13125 0.05546875 0.18515625 0.03671875