5 0.6078125 0.7953125 0.115625 0.0265625
4 0.25546875 0.04609375 0.125 0.0296875
3 0.521875 0.06640625 0.11875 0.0234375
7 0.25234375 0.54765625 0.2421875 0.2953125
10 0.5859375 0.53125 0.0875 0.28125
1 0.62734375 0.21640625 0.29375 0.0265625
14 0.42734375 0.7765625 0.0515625 0.025
8 0.425 0.53671875 0.0640625 0.275
9 0.69140625 0.52578125 0.090625 0.28125
11 0.2140625 0.25546875 0.2890625 0.040625
6 0.87734375 0.7859375 0.090625 0.021875
13 0.72421875 0.790625 0.0875 0.021875
0 0.6328125 0.24140625 0.2859375 0.0421875
12 0.12265625 0.23515625 0.1046875 0.0171875