4 0.2828125 0.0390625 0.140625 0.0296875
3 0.53671875 0.0671875 0.11796875 0.01875
7 0.25078125 0.4421875 0.23671875 0.090625
0 0.60625 0.24453125 0.2125 0.034375
14 0.41796875 0.5765625 0.04765625 0.01953125
10 0.5921875 0.4359375 0.06015625 0.0859375
1 0.5828125 0.221875 0.16484375 0.0171875
11 0.22890625 0.2484375 0.290625 0.03125
8 0.4234375 0.4359375 0.0546875 0.0828125
13 0.71953125 0.60234375 0.08046875 0.01953125
6 0.87578125 0.603125 0.08125 0.01875
9 0.69453125 0.43515625 0.075 0.0828125
5 0.60078125 0.603125 0.103125 0.0203125
12 0.20078125 0.221875 0.2375 0.01640625