5 0.59765625 0.79921875 0.11484375 0.021875
4 0.27109375 0.0375 0.1234375 0.025
3 0.53671875 0.0671875 0.11796875 0.01875
7 0.25078125 0.5390625 0.23203125 0.28671875
10 0.58515625 0.534375 0.07734375 0.278125
1 0.6375 0.22109375 0.29375 0.015625
14 0.41796875 0.77421875 0.0515625 0.02265625
8 0.4234375 0.534375 0.05390625 0.2734375
9 0.690625 0.5328125 0.08125 0.278125
11 0.22265625 0.2453125 0.28828125 0.03125
6 0.8671875 0.79921875 0.08984375 0.01875
13 0.7140625 0.7984375 0.08671875 0.01953125
0 0.64140625 0.24609375 0.284375 0.0328125
12 0.13203125 0.221875 0.1046875 0.0140625