4 0.271875 0.03671875 0.121875 0.0265625
3 0.53671875 0.0671875 0.11953125 0.0203125
13 0.71953125 0.57734375 0.0765625 0.0203125
14 0.41875 0.55390625 0.04453125 0.0203125
10 0.5921875 0.42421875 0.06171875 0.05859375
5 0.59765625 0.5796875 0.1078125 0.02109375
9 0.69453125 0.4234375 0.084375 0.05703125
8 0.421875 0.421875 0.053125 0.05859375
6 0.87578125 0.5796875 0.0796875 0.01796875
11 0.2421875 0.24765625 0.31484375 0.03203125
7 0.25234375 0.428125 0.2375 0.0671875
0 0.65 0.24453125 0.31328125 0.034375
12 0.1453125 0.221875 0.121875 0.01875
1 0.5609375 0.22265625 0.128125 0.01875