4 0.2796875 0.0390625 0.14375 0.028125
3 0.53671875 0.0671875 0.11796875 0.01875
1 0.6015625 0.22265625 0.203125 0.01640625
8 0.4203125 0.41484375 0.05234375 0.0375
10 0.59453125 0.4125 0.0671875 0.03359375
9 0.6953125 0.4125 0.08125 0.03515625
6 0.878125 0.55390625 0.0734375 0.01640625
14 0.41796875 0.52890625 0.04765625 0.021875
5 0.60625 0.5546875 0.10390625 0.02109375
7 0.24765625 0.41796875 0.22265625 0.04140625
0 0.60859375 0.2453125 0.2140625 0.0328125
12 0.1984375 0.2203125 0.22578125 0.015625
13 0.72421875 0.553125 0.078125 0.01953125
11 0.18984375 0.24765625 0.2171875 0.03125