4 0.2828125 0.0390625 0.1421875 0.03125
3 0.53671875 0.0671875 0.11875 0.01875
14 0.41796875 0.7234375 0.05 0.021875
10 0.58828125 0.50703125 0.06875 0.2359375
5 0.59765625 0.75 0.1109375 0.021875
7 0.24609375 0.51328125 0.225 0.24375
8 0.42265625 0.51015625 0.053125 0.225
12 0.17578125 0.22109375 0.175 0.015625
9 0.69140625 0.50703125 0.078125 0.23125
6 0.86796875 0.75078125 0.090625 0.01875
0 0.59375 0.2484375 0.1875 0.0375
1 0.5578125 0.2203125 0.10625 0.01875
13 0.7140625 0.74921875 0.084375 0.0203125
11 0.18359375 0.2484375 0.20625 0.0296875