4 0.290625 0.03515625 0.140625 0.0328125
3 0.54453125 0.06796875 0.11875 0.0203125
7 0.2515625 0.4375 0.2375 0.0953125
0 0.6109375 0.24609375 0.2125 0.0375
14 0.41640625 0.575 0.0484375 0.0203125
10 0.59296875 0.4375 0.0609375 0.0875
1 0.5875 0.2234375 0.165625 0.0203125
11 0.23359375 0.24375 0.290625 0.0359375
8 0.42421875 0.434375 0.05625 0.084375
13 0.71796875 0.60625 0.08125 0.0203125
6 0.87421875 0.609375 0.08125 0.0203125
9 0.6953125 0.43828125 0.0765625 0.084375
5 0.59921875 0.6046875 0.103125 0.021875
12 0.20546875 0.21640625 0.2375 0.0203125