4 0.2875 0.03515625 0.14375 0.03125
3 0.54453125 0.06796875 0.11875 0.0203125
1 0.60625 0.22421875 0.203125 0.0203125
8 0.421875 0.41328125 0.053125 0.0390625
10 0.59609375 0.4140625 0.0671875 0.034375
9 0.696875 0.415625 0.08125 0.0359375
6 0.87734375 0.56015625 0.0734375 0.0171875
14 0.4171875 0.52734375 0.0484375 0.0234375
5 0.60546875 0.55625 0.1046875 0.0234375
7 0.24921875 0.41328125 0.2234375 0.0453125
0 0.61328125 0.246875 0.2140625 0.0359375
12 0.203125 0.21484375 0.2265625 0.0203125
13 0.7234375 0.55703125 0.078125 0.0203125
11 0.19453125 0.2421875 0.2171875 0.034375