4 0.25546875 0.0453125 0.1234375 0.03125
3 0.521875 0.06640625 0.1203125 0.025
13 0.721875 0.56953125 0.0765625 0.0234375
14 0.4203125 0.55703125 0.0453125 0.021875
10 0.58984375 0.42109375 0.0640625 0.0609375
5 0.6 0.5765625 0.1078125 0.025
9 0.69140625 0.41640625 0.0859375 0.059375
8 0.41953125 0.425 0.0546875 0.0609375
6 0.878125 0.56640625 0.0796875 0.0203125
11 0.23359375 0.25703125 0.315625 0.04375
7 0.25 0.43671875 0.2390625 0.075
0 0.640625 0.2390625 0.3140625 0.0453125
12 0.1359375 0.234375 0.121875 0.0234375
1 0.5515625 0.2203125 0.128125 0.0234375