8 0.728125 0.46640625 0.05 0.1203125
11 0.225 0.20625 0.38125 0.025
7 0.27265625 0.47265625 0.4609375 0.1234375
9 0.87421875 0.4671875 0.1109375 0.128125
10 0.58671875 0.46875 0.0984375 0.125
0 0.71640625 0.20703125 0.3578125 0.0234375
4 0.7703125 0.04765625 0.08828125 0.02578125
3 0.7234375 0.071875 0.146875 0.025
12 0.16796875 0.184375 0.2671875 0.03359375
1 0.63984375 0.1859375 0.2078125 0.021875
5 0.89921875 0.62734375 0.10546875 0.0328125
14 0.9296875 0.68671875 0.04453125 0.02890625
13 0.9328125 0.7453125 0.040625 0.028125
6 0.90078125 0.78515625 0.09921875 0.03203125