8 0.72734375 0.4625 0.0515625 0.121875
11 0.21953125 0.2109375 0.38125 0.03125
7 0.271875 0.4765625 0.4625 0.13125
9 0.8734375 0.4609375 0.1125 0.1296875
10 0.5859375 0.4671875 0.1 0.1265625
0 0.7109375 0.203125 0.3578125 0.0296875
4 0.7625 0.04296875 0.0890625 0.0265625
3 0.715625 0.06796875 0.146875 0.028125
12 0.1625 0.18984375 0.2671875 0.0375
1 0.634375 0.18359375 0.2078125 0.025
5 0.9015625 0.6203125 0.10625 0.034375
14 0.9328125 0.67890625 0.0453125 0.0296875
13 0.93671875 0.7375 0.040625 0.028125
6 0.90546875 0.778125 0.1 0.034375