10 0.65 0.5 0.0390625 0.059375
7 0.39375 0.5140625 0.265625 0.0765625
9 0.72890625 0.496875 0.071875 0.065625
6 0.7296875 0.596875 0.0703125 0.028125
1 0.27578125 0.353125 0.1 0.01875
8 0.58515625 0.503125 0.040625 0.0640625
5 0.7359375 0.54296875 0.053125 0.0203125
4 0.72890625 0.22890625 0.0484375 0.01875
0 0.2921875 0.37578125 0.1296875 0.0359375
12 0.546875 0.12265625 0.1015625 0.0171875
13 0.7375 0.56640625 0.0484375 0.0203125
3 0.72578125 0.246875 0.05625 0.0140625
14 0.659375 0.56953125 0.0421875 0.0203125
11 0.5546875 0.146875 0.1140625 0.034375
2 0.72421875 0.2625 0.0578125 0.0171875
12 0.33046875 0.1359375 0.103125 0.0296875