10 0.63125 0.6359375 0.090625 0.225
7 0.2015625 0.6390625 0.31875 0.2125
9 0.84296875 0.63671875 0.1171875 0.2171875
6 0.8390625 0.92421875 0.115625 0.0296875
0 0.159375 0.40078125 0.1921875 0.04921875
3 0.7671875 0.37578125 0.08125 0.0265625
8 0.44140625 0.6375 0.0703125 0.2125
12 0.36953125 0.11875 0.6265625 0.12265625
4 0.81171875 0.3140625 0.1109375 0.021875
5 0.83828125 0.81796875 0.0953125 0.0296875
1 0.1515625 0.3609375 0.1796875 0.021875
2 0.76328125 0.4078125 0.0828125 0.025
13 0.8375 0.8546875 0.10625 0.025