4 0.271875 0.0375 0.1265625 0.02421875
7 0.25390625 0.41640625 0.23359375 0.04140625
3 0.53671875 0.0671875 0.121875 0.01875
8 0.4203125 0.41484375 0.05234375 0.03828125
1 0.553125 0.2203125 0.1046875 0.01875
6 0.8625 0.55390625 0.1 0.01875
5 0.58671875 0.55390625 0.11015625 0.01953125
9 0.68515625 0.4078125 0.09765625 0.028125
14 0.41875 0.52890625 0.046875 0.02109375
10 0.58125 0.4109375 0.08046875 0.03125
0 0.5890625 0.24609375 0.17734375 0.03046875
11 0.225 0.24765625 0.28515625 0.03359375
13 0.7078125 0.553125 0.103125 0.0171875
6 0.87109375 0.4046875 0.0828125 0.01796875
12 0.134375 0.2203125 0.10625 0.01640625