4 0.28828125 0.0296875 0.1265625 0.028125
7 0.25703125 0.4078125 0.234375 0.05
3 0.5515625 0.06875 0.121875 0.0234375
8 0.4234375 0.4125 0.053125 0.040625
1 0.5625 0.22265625 0.1046875 0.021875
6 0.86015625 0.56640625 0.1 0.021875
5 0.58515625 0.55703125 0.1109375 0.0234375
9 0.68828125 0.4140625 0.0984375 0.03125
14 0.41796875 0.52578125 0.046875 0.0234375
10 0.584375 0.4140625 0.08125 0.034375
0 0.59765625 0.24921875 0.178125 0.0359375
11 0.23359375 0.23828125 0.2859375 0.04375
13 0.70546875 0.56015625 0.103125 0.0203125
6 0.87421875 0.41796875 0.0828125 0.0203125
12 0.14453125 0.2078125 0.10625 0.0203125