4 0.2796875 0.0390625 0.14140625 0.02890625
3 0.53671875 0.0671875 0.11796875 0.01953125
5 0.5984375 0.53046875 0.1078125 0.021875
14 0.4171875 0.50390625 0.04765625 0.01953125
13 0.7203125 0.52890625 0.07890625 0.01953125
6 0.875 0.53125 0.07890625 0.01796875
1 0.5625 0.221875 0.11875 0.01875
11 0.2109375 0.246875 0.25546875 0.03046875
12 0.15234375 0.2234375 0.13515625 0.015625
8 0.421875 0.40859375 0.04921875 0.0234375
0 0.61953125 0.246875 0.23671875 0.034375
10 0.5890625 0.40625 0.0640625 0.025
9 0.69453125 0.40390625 0.08046875 0.021875
7 0.178125 0.40625 0.071875 0.0171875