10 0.65 0.50546875 0.0375 0.0578125
7 0.39296875 0.51015625 0.2640625 0.0671875
9 0.72890625 0.5046875 0.0703125 0.0625
6 0.7265625 0.6046875 0.06875 0.025
1 0.28125 0.3453125 0.1 0.01484375
8 0.58515625 0.50625 0.0390625 0.0625
5 0.734375 0.5515625 0.053125 0.01875
4 0.73828125 0.23671875 0.0484375 0.0171875
0 0.296875 0.36875 0.128125 0.03125
12 0.56015625 0.12421875 0.1015625 0.0140625
13 0.73515625 0.575 0.0484375 0.01875
3 0.734375 0.2546875 0.05625 0.0125
14 0.65703125 0.575 0.0421875 0.01875
11 0.5671875 0.14921875 0.1125 0.0296875
2 0.73203125 0.2703125 0.0578125 0.015625
12 0.34296875 0.13046875 0.1015625 0.0265625