4 0.28125 0.0390625 0.1421875 0.0296875
3 0.5359375 0.0671875 0.11953125 0.01875
8 0.42109375 0.41484375 0.05390625 0.0375
10 0.59453125 0.4125 0.065625 0.034375
1 0.58984375 0.221875 0.1734375 0.0171875
0 0.59609375 0.246875 0.196875 0.03046875
9 0.6953125 0.41171875 0.0828125 0.0359375
6 0.878125 0.55390625 0.0734375 0.01640625
11 0.18828125 0.2484375 0.20703125 0.03125
14 0.41796875 0.52890625 0.04765625 0.021875
7 0.25390625 0.41640625 0.2359375 0.0390625
5 0.60625 0.5546875 0.10390625 0.02109375
12 0.1484375 0.22265625 0.13203125 0.01484375
13 0.72421875 0.553125 0.078125 0.01953125