10 0.63359375 0.63359375 0.0953125 0.2265625
7 0.20390625 0.64453125 0.321875 0.21875
9 0.8453125 0.63046875 0.1203125 0.21875
6 0.84609375 0.91796875 0.115625 0.03125
0 0.1578125 0.40703125 0.19375 0.053125
3 0.76484375 0.37109375 0.08125 0.028125
8 0.44375 0.63828125 0.0734375 0.2140625
12 0.36328125 0.12109375 0.628125 0.1328125
4 0.80859375 0.30859375 0.1109375 0.0234375
5 0.84375 0.81171875 0.0953125 0.03125
1 0.14921875 0.3671875 0.1796875 0.025
2 0.76171875 0.403125 0.0828125 0.0265625
13 0.84375 0.8484375 0.10625 0.0265625