4 0.2875 0.03515625 0.1421875 0.03125
3 0.54453125 0.06796875 0.11875 0.021875
5 0.59765625 0.53203125 0.1078125 0.0234375
14 0.4171875 0.50234375 0.0484375 0.0203125
13 0.71953125 0.5328125 0.0796875 0.0203125
6 0.87421875 0.5375 0.0796875 0.01875
1 0.5671875 0.22265625 0.11875 0.0203125
11 0.215625 0.2421875 0.25625 0.034375
12 0.15703125 0.2171875 0.1359375 0.01875
8 0.4234375 0.40703125 0.05 0.025
0 0.62421875 0.24921875 0.2375 0.0390625
10 0.590625 0.4078125 0.0640625 0.0265625
9 0.69609375 0.40703125 0.08125 0.0234375
7 0.1796875 0.40078125 0.071875 0.01875