6 0.8671875 0.69453125 0.153125 0.0296875
10 0.66953125 0.49765625 0.1109375 0.2046875
7 0.146875 0.50078125 0.090625 0.2140625
13 0.8921875 0.65546875 0.10625 0.0265625
9 0.8953125 0.49765625 0.09375 0.2078125
5 0.89375 0.6203125 0.1 0.028125
0 0.659375 0.3109375 0.23125 0.053125
3 0.81953125 0.115625 0.1015625 0.021875
8 0.07734375 0.49765625 0.0375 0.20703125
14 0.63203125 0.6546875 0.05703125 0.025
4 0.7375 0.0984375 0.05546875 0.01875
2 0.73984375 0.13515625 0.0984375 0.0203125
1 0.58203125 0.2734375 0.07890625 0.01484375
12 0.19296875 0.04296875 0.33125 0.04296875
11 0.1359375 0.14609375 0.0984375 0.02578125