6 0.884375 0.6328125 0.0859375 0.021875
1 0.47421875 0.15234375 0.2171875 0.021875
0 0.15 0.17265625 0.2234375 0.040625
1 0.103125 0.146875 0.128125 0.01875
7 0.26875 0.434375 0.4171875 0.228125
0 0.4734375 0.17734375 0.2265625 0.0453125
11 0.165625 0.08046875 0.25625 0.0359375
8 0.6390625 0.428125 0.059375 0.2125
5 0.8859375 0.6 0.08125 0.025
4 0.92890625 0.08671875 0.0796875 0.0140625
2 0.46484375 0.24765625 0.1140625 0.0203125
12 0.0890625 0.0546875 0.096875 0.015625
10 0.7515625 0.4328125 0.103125 0.2171875
6 0.9 0.1625 0.13125 0.028125
9 0.88984375 0.434375 0.0921875 0.209375
3 0.090625 0.2421875 0.109375 0.021875