6 0.8703125 0.68828125 0.153125 0.0328125
10 0.66953125 0.49453125 0.1140625 0.20625
7 0.146875 0.50703125 0.09375 0.215625
13 0.89453125 0.6484375 0.10625 0.028125
9 0.8953125 0.490625 0.096875 0.209375
5 0.89609375 0.61328125 0.1 0.0296875
0 0.65625 0.3078125 0.2328125 0.0578125
3 0.8125 0.11015625 0.1015625 0.0234375
8 0.07734375 0.5046875 0.040625 0.2078125
14 0.634375 0.65234375 0.0578125 0.0265625
4 0.73046875 0.09453125 0.05625 0.0203125
2 0.73359375 0.13125 0.0984375 0.021875
1 0.578125 0.271875 0.0796875 0.015625
12 0.18515625 0.0484375 0.33125 0.0484375
11 0.1296875 0.15234375 0.0984375 0.028125