9 0.90703125 0.4296875 0.0671875 0.0375
7 0.29296875 0.46796875 0.4609375 0.1015625
10 0.7953125 0.43671875 0.05 0.04296875
5 0.91015625 0.61171875 0.0703125 0.0203125
10 0.68125 0.43046875 0.0375 0.0390625
11 0.8171875 0.07109375 0.26796875 0.0171875
3 0.9 0.1984375 0.096875 0.02578125
11 0.26640625 0.2390625 0.21875 0.05625
6 0.89375 0.825 0.11875 0.028125
3 0.88828125 0.340625 0.0578125 0.015625
1 0.2421875 0.1953125 0.16875 0.02578125
12 0.19921875 0.09921875 0.2421875 0.0296875
4 0.9140625 0.16640625 0.0671875 0.0234375
12 0.890625 0.05234375 0.11640625 0.01796875