9 0.9078125 0.43671875 0.0671875 0.0390625
7 0.29375 0.4640625 0.4625 0.109375
10 0.79609375 0.4421875 0.05 0.04375
5 0.9078125 0.61875 0.0703125 0.021875
10 0.6828125 0.43359375 0.0375 0.0390625
11 0.825 0.0765625 0.26875 0.021875
3 0.90546875 0.20546875 0.096875 0.028125
11 0.27109375 0.23515625 0.2203125 0.059375
6 0.88828125 0.83203125 0.11875 0.0296875
3 0.890625 0.34765625 0.0578125 0.0171875
1 0.24765625 0.190625 0.16875 0.028125
12 0.20625 0.09375 0.2421875 0.034375
4 0.91953125 0.1734375 0.0671875 0.025
12 0.8984375 0.059375 0.1171875 0.0203125