6 0.88671875 0.62578125 0.0859375 0.0203125
1 0.46796875 0.153125 0.2171875 0.01875
0 0.14453125 0.17890625 0.2234375 0.0375
1 0.096875 0.15390625 0.128125 0.0171875
7 0.26796875 0.43828125 0.4140625 0.2203125
0 0.46796875 0.178125 0.2265625 0.04140625
11 0.15859375 0.08671875 0.25625 0.03125
8 0.6375 0.42578125 0.05625 0.2109375
5 0.8875 0.59296875 0.08125 0.0234375
4 0.921875 0.07890625 0.07890625 0.01328125
2 0.46015625 0.2484375 0.1140625 0.01875
12 0.08125 0.06171875 0.096875 0.0140625
10 0.75 0.428125 0.1 0.21484375
6 0.89375 0.15546875 0.13125 0.0265625
9 0.88828125 0.42734375 0.0890625 0.20859375
3 0.0859375 0.24921875 0.109375 0.0203125