1 0.23828125 0.19375 0.15234375 0.015625
10 0.79140625 0.43828125 0.0546875 0.03828125
7 0.20390625 0.4375 0.259375 0.03828125
9 0.90625 0.4359375 0.06875 0.0375
3 0.90078125 0.196875 0.0890625 0.021875
11 0.88828125 0.053125 0.109375 0.0171875
0 0.2671875 0.23359375 0.2078125 0.0609375
8 0.68046875 0.43671875 0.0421875 0.0421875
6 0.89140625 0.82421875 0.11484375 0.0234375
5 0.90703125 0.6109375 0.0734375 0.01875
11 0.8171875 0.07109375 0.2578125 0.0140625
4 0.91328125 0.16484375 0.0703125 0.0265625