8 0.5640625 0.4421875 0.05625 0.1515625
12 0.17109375 0.2328125 0.1875 0.025
14 0.86875 0.5921875 0.05625 0.0171875
0 0.4625 0.28515625 0.1421875 0.0546875
10 0.66796875 0.44296875 0.0953125 0.1515625
13 0.8734375 0.61015625 0.0796875 0.0234375
9 0.8671875 0.4421875 0.09375 0.153125
7 0.11953125 0.4515625 0.0890625 0.1578125
6 0.86875 0.63359375 0.1046875 0.0265625
5 0.8703125 0.53984375 0.0953125 0.028125
0 0.15 0.271875 0.1375 0.05625
1 0.4625 0.24765625 0.1421875 0.021875
3 0.8796875 0.2953125 0.103125 0.01875
4 0.89609375 0.2390625 0.0671875 0.025