8 0.5578125 0.4390625 0.053125 0.15
4 0.89140625 0.22421875 0.0671875 0.0234375
12 0.1640625 0.24140625 0.190625 0.0296875
14 0.8671875 0.5765625 0.05625 0.015625
0 0.45 0.28515625 0.140625 0.059375
10 0.66328125 0.43515625 0.09296875 0.15
13 0.86953125 0.596875 0.0796875 0.021875
9 0.8640625 0.425 0.090625 0.1625
7 0.11171875 0.46484375 0.0859375 0.15625
6 0.86953125 0.61875 0.1046875 0.025
5 0.87109375 0.52578125 0.0953125 0.0265625
0 0.14765625 0.28515625 0.1515625 0.0640625
1 0.453125 0.2453125 0.14140625 0.01875
3 0.871875 0.28203125 0.10234375 0.01640625