8 0.56484375 0.44296875 0.053125 0.15
4 0.90390625 0.253125 0.0671875 0.0234375
12 0.18125 0.2203125 0.1875 0.021875
14 0.8703125 0.60546875 0.05625 0.015625
0 0.4734375 0.284375 0.140625 0.05625
10 0.66875 0.44609375 0.09375 0.15
13 0.86953125 0.6203125 0.0796875 0.021875
9 0.86796875 0.4484375 0.090625 0.1515625
7 0.12265625 0.43828125 0.0859375 0.15625
6 0.86640625 0.64765625 0.1046875 0.025
5 0.86953125 0.553125 0.0953125 0.0265625
0 0.15546875 0.25703125 0.1359375 0.053125
1 0.4671875 0.246875 0.140625 0.01875
3 0.88671875 0.309375 0.103125 0.015625