8 0.55859375 0.43984375 0.05625 0.1515625
4 0.89609375 0.23125 0.0671875 0.025
12 0.16875 0.2359375 0.190625 0.0328125
14 0.865625 0.5828125 0.05625 0.0171875
0 0.45390625 0.284375 0.1421875 0.0625
10 0.6640625 0.43828125 0.0953125 0.1515625
13 0.86796875 0.603125 0.0796875 0.0234375
9 0.865625 0.43125 0.09375 0.1640625
7 0.1125 0.4578125 0.0890625 0.1578125
6 0.8671875 0.625 0.1046875 0.0265625
5 0.8703125 0.53203125 0.0953125 0.028125
0 0.1515625 0.27890625 0.153125 0.0671875
1 0.4578125 0.24453125 0.1421875 0.021875
3 0.87578125 0.28828125 0.103125 0.01875