8 0.56484375 0.44296875 0.053125 0.15
12 0.17578125 0.22734375 0.18671875 0.02109375
14 0.8671875 0.5984375 0.05625 0.015625
0 0.46640625 0.284375 0.140625 0.05234375
10 0.66875 0.44609375 0.09296875 0.15
13 0.87109375 0.61640625 0.0796875 0.021875
9 0.86796875 0.4484375 0.090625 0.1515625
7 0.1203125 0.4453125 0.0859375 0.15625
6 0.86640625 0.63984375 0.1046875 0.025
5 0.86953125 0.54609375 0.0953125 0.0265625
0 0.15390625 0.265625 0.1359375 0.053125
1 0.4671875 0.246875 0.14140625 0.01875
3 0.8828125 0.30234375 0.10234375 0.01640625
4 0.90078125 0.24609375 0.0671875 0.0234375