7 0.16796875 0.51640625 0.203125 0.128125
9 0.890625 0.46171875 0.084375 0.1203125
8 0.565625 0.484375 0.0515625 0.115625
5 0.8984375 0.5671875 0.071875 0.025
3 0.38984375 0.3375 0.1046875 0.0265625
2 0.38515625 0.36484375 0.11875 0.0265625
6 0.89296875 0.5109375 0.0828125 0.025
10 0.7 0.4734375 0.06875 0.1171875
13 0.90078125 0.59375 0.0671875 0.028125
6 0.89609375 0.6234375 0.09375 0.028125
4 0.38515625 0.309375 0.1109375 0.034375
1 0.56171875 0.16796875 0.046875 0.0203125
0 0.59375 0.19296875 0.1109375 0.034375
12 0.1234375 0.1578125 0.1296875 0.0796875