7 0.16796875 0.5109375 0.2015625 0.125
9 0.89140625 0.46875 0.0828125 0.11875
8 0.565625 0.48515625 0.05 0.1140625
5 0.896875 0.57421875 0.071875 0.0234375
3 0.39296875 0.3359375 0.1046875 0.025
2 0.3875 0.3625 0.11875 0.025
6 0.89296875 0.51796875 0.0828125 0.0234375
10 0.70078125 0.4765625 0.0671875 0.115625
13 0.89921875 0.60078125 0.0671875 0.0265625
6 0.89375 0.63046875 0.09375 0.0265625
4 0.38828125 0.30703125 0.1109375 0.0328125
1 0.5671875 0.16875 0.046875 0.01953125
0 0.59921875 0.19453125 0.1109375 0.03203125
12 0.1296875 0.1515625 0.128125 0.07734375