8 0.6640625 0.56875 0.0515625 0.1078125
5 0.89453125 0.80078125 0.0875 0.0296875
7 0.2078125 0.57734375 0.3515625 0.1
10 0.5328125 0.56875 0.1078125 0.109375
12 0.35703125 0.1421875 0.23125 0.028125
11 0.31875 0.17265625 0.1546875 0.046875
9 0.8390625 0.5671875 0.0953125 0.0953125
1 0.3703125 0.3046875 0.2578125 0.034375
0 0.32421875 0.33828125 0.1546875 0.0390625
4 0.38046875 0.0453125 0.0921875 0.028125
3 0.4203125 0.06484375 0.1484375 0.025
2 0.44453125 0.0859375 0.1515625 0.028125
14 0.91171875 0.82578125 0.0453125 0.025
13 0.89921875 0.84921875 0.065625 0.0234375
6 0.8859375 0.9109375 0.09375 0.0375