8 0.6625 0.571875 0.05 0.10625
5 0.8890625 0.8078125 0.08671875 0.028125
7 0.20625 0.571875 0.35 0.09375
10 0.53125 0.56953125 0.10625 0.1078125
12 0.36328125 0.13984375 0.23125 0.02421875
11 0.32421875 0.16953125 0.1546875 0.04375
9 0.8375 0.5734375 0.09375 0.09375
1 0.3734375 0.30234375 0.25703125 0.0296875
0 0.32734375 0.33515625 0.1546875 0.0359375
4 0.38828125 0.04296875 0.09140625 0.0265625
3 0.428125 0.06328125 0.14765625 0.02265625
2 0.4515625 0.08515625 0.15078125 0.02578125
14 0.90625 0.8328125 0.04453125 0.025
13 0.89296875 0.85625 0.06484375 0.021875
6 0.87890625 0.91796875 0.09296875 0.03515625