7 0.1671875 0.4875 0.1984375 0.1234375
2 0.39765625 0.35625 0.1140625 0.025
8 0.5671875 0.490625 0.0484375 0.115625
3 0.40625 0.3296875 0.10625 0.021875
9 0.8890625 0.4984375 0.0734375 0.121875
4 0.40078125 0.30234375 0.1078125 0.028125
10 0.7046875 0.49296875 0.0671875 0.1203125
5 0.89375 0.60234375 0.06875 0.0234375
1 0.62265625 0.19140625 0.1140625 0.0234375
6 0.8875 0.66171875 0.090625 0.028125
6 0.89140625 0.5453125 0.0734375 0.021875
13 0.89296875 0.63046875 0.0671875 0.021875
12 0.15 0.1296875 0.1265625 0.0734375
11 0.60625 0.21875 0.0875 0.034375