7 0.1671875 0.49921875 0.19375 0.1171875
2 0.39296875 0.36015625 0.1140625 0.0203125
8 0.5671875 0.48828125 0.04375 0.1140625
3 0.4 0.3328125 0.10625 0.01875
9 0.8890625 0.48515625 0.06875 0.1203125
4 0.39375 0.30625 0.10625 0.025
10 0.7046875 0.4859375 0.0625 0.11875
5 0.896875 0.58828125 0.06875 0.0203125
1 0.61171875 0.1875 0.1140625 0.01875
6 0.89296875 0.6484375 0.0890625 0.025
6 0.89296875 0.53125 0.0734375 0.01875
13 0.89765625 0.61640625 0.0671875 0.0203125
12 0.1375 0.1421875 0.125 0.06875
11 0.59609375 0.21484375 0.0859375 0.03203125