10 0.58203125 0.57265625 0.0953125 0.2421875
3 0.81015625 0.3125 0.1453125 0.025
7 0.3625 0.58515625 0.24375 0.2234375
0 0.29921875 0.3234375 0.3796875 0.06015625
9 0.83828125 0.56875 0.0984375 0.253125
1 0.30625 0.2796875 0.190625 0.028125
5 0.83671875 0.77421875 0.0890625 0.0265625
8 0.70625 0.57890625 0.05 0.2390625
2 0.81171875 0.33828125 0.1484375 0.0296875
13 0.83671875 0.8109375 0.0890625 0.025
4 0.8421875 0.27578125 0.09375 0.0328125
6 0.83984375 0.875 0.09375 0.0328125
12 0.49609375 0.18046875 0.33359375 0.0796875