10 0.484375 0.5328125 0.05546875 0.08125
8 0.5890625 0.53046875 0.0375 0.07734375
9 0.7125 0.5296875 0.0625 0.075
7 0.2890625 0.53515625 0.184375 0.08046875
1 0.1421875 0.28671875 0.21875 0.0234375
5 0.71328125 0.61875 0.0453125 0.01875
4 0.82890625 0.15 0.0546875 0.01875
12 0.2421875 0.096875 0.44765625 0.1421875
0 0.1734375 0.30859375 0.28203125 0.02265625
3 0.79296875 0.171875 0.1140625 0.015625
13 0.7265625 0.66484375 0.0640625 0.01953125
14 0.65078125 0.66484375 0.0296875 0.01875
6 0.7265625 0.68828125 0.06484375 0.021875
2 0.79453125 0.19140625 0.11171875 0.0203125
11 0.24296875 0.97578125 0.34921875 0.028125