10 0.48359375 0.5328125 0.05625 0.0828125
8 0.58828125 0.53203125 0.0390625 0.078125
9 0.71171875 0.53359375 0.0640625 0.0765625
7 0.28828125 0.53125 0.1859375 0.084375
1 0.14609375 0.28046875 0.21875 0.0265625
5 0.7109375 0.62265625 0.0453125 0.0203125
4 0.83515625 0.15546875 0.0546875 0.0203125
12 0.24921875 0.0921875 0.45 0.15
0 0.1765625 0.303125 0.2828125 0.028125
3 0.7984375 0.17734375 0.1140625 0.0171875
13 0.7234375 0.66875 0.0640625 0.0203125
14 0.64765625 0.6671875 0.0296875 0.01875
6 0.7234375 0.6921875 0.065625 0.0234375
2 0.8 0.196875 0.1125 0.021875
11 0.234375 0.97109375 0.35 0.034375