10 0.58046875 0.57421875 0.1 0.24375
3 0.81328125 0.31796875 0.1453125 0.028125
7 0.3609375 0.5828125 0.246875 0.228125
0 0.30234375 0.3203125 0.38125 0.0671875
9 0.83671875 0.575 0.103125 0.2546875
1 0.31015625 0.2765625 0.190625 0.03125
5 0.83203125 0.7796875 0.0890625 0.028125
8 0.7046875 0.5828125 0.0546875 0.240625
2 0.81484375 0.34375 0.1484375 0.0328125
13 0.83125 0.81640625 0.0890625 0.0265625
4 0.84609375 0.28203125 0.09375 0.034375
6 0.83359375 0.88125 0.09375 0.034375
12 0.5015625 0.18046875 0.334375 0.0859375