9 0.8546875 0.49140625 0.0625 0.0703125
1 0.68046875 0.29140625 0.2609375 0.0234375
11 0.26953125 0.31796875 0.3859375 0.0234375
0 0.73125 0.31640625 0.3625 0.0265625
8 0.525 0.4953125 0.05 0.078125
10 0.68828125 0.49296875 0.0890625 0.0734375
12 0.2125 0.29453125 0.26875 0.0234375
4 0.1890625 0.08828125 0.1140625 0.034375
2 0.35078125 0.15703125 0.1953125 0.0328125
13 0.8859375 0.6296875 0.046875 0.025
7 0.2046875 0.49296875 0.25625 0.0671875
6 0.878125 0.6859375 0.0671875 0.0265625
5 0.88046875 0.57265625 0.0609375 0.0265625
14 0.88671875 0.59921875 0.0453125 0.02578125