9 0.8546875 0.49765625 0.0640625 0.071875
1 0.684375 0.29453125 0.2609375 0.028125
11 0.27265625 0.3140625 0.3859375 0.0296875
0 0.734375 0.3203125 0.3625 0.0328125
8 0.525 0.49609375 0.0515625 0.0796875
10 0.68828125 0.49609375 0.090625 0.075
12 0.21640625 0.28984375 0.26875 0.028125
4 0.19609375 0.0828125 0.1140625 0.0359375
2 0.35703125 0.1546875 0.1953125 0.0359375
13 0.88359375 0.63671875 0.046875 0.0265625
7 0.2046875 0.4875 0.2578125 0.071875
6 0.875 0.6921875 0.0671875 0.028125
5 0.87890625 0.57890625 0.0609375 0.028125
14 0.88515625 0.60625 0.0453125 0.0265625