5 0.90078125 0.4765625 0.075 0.025
10 0.68359375 0.40234375 0.0625 0.0875
7 0.3140625 0.39609375 0.2765625 0.096875
9 0.903125 0.40546875 0.0609375 0.0859375
6 0.8859375 0.54296875 0.1046875 0.0296875
8 0.13203125 0.390625 0.03125 0.0875
4 0.91953125 0.21171875 0.071875 0.0296875
3 0.9046875 0.2359375 0.1015625 0.025
2 0.90546875 0.28671875 0.096875 0.0234375
1 0.15 0.21875 0.13125 0.0234375
0 0.14921875 0.24921875 0.1234375 0.040625
12 0.15 0.12109375 0.11875 0.028125
11 0.14140625 0.15 0.0984375 0.0421875
13 0.90546875 0.509375 0.0578125 0.0265625
14 0.6859375 0.5046875 0.0578125 0.025