5 0.9 0.46953125 0.075 0.0234375
10 0.68203125 0.39921875 0.0609375 0.0859375
7 0.3125 0.39921875 0.275 0.0921875
9 0.9015625 0.3984375 0.059375 0.084375
6 0.88671875 0.5359375 0.1046875 0.028125
8 0.13046875 0.396875 0.0296875 0.0875
4 0.9140625 0.2046875 0.07109375 0.028125
3 0.9 0.22890625 0.10078125 0.0234375
2 0.9015625 0.2796875 0.09609375 0.021875
1 0.1453125 0.225 0.13046875 0.02109375
0 0.14453125 0.25546875 0.1234375 0.0390625
12 0.14375 0.12734375 0.11875 0.02578125
11 0.13515625 0.15625 0.09765625 0.03984375
13 0.90546875 0.50234375 0.0578125 0.02578125
14 0.6859375 0.5015625 0.05703125 0.02421875