5 0.8828125 0.5671875 0.07109375 0.01796875
6 0.853125 0.634375 0.1375 0.028125
8 0.47421875 0.5171875 0.03515625 0.03125
7 0.16015625 0.50859375 0.1640625 0.03125
13 0.88984375 0.5984375 0.0546875 0.01796875
10 0.8859375 0.515625 0.06328125 0.03046875
4 0.884375 0.0625 0.07890625 0.028125
3 0.884375 0.10078125 0.09140625 0.02109375
1 0.63046875 0.2171875 0.1265625 0.02265625
0 0.7109375 0.2765625 0.28203125 0.046875
12 0.13125 0.21796875 0.121875 0.02265625
11 0.2046875 0.32109375 0.27421875 0.03828125