8 0.07890625 0.50546875 0.046875 0.0953125
7 0.2921875 0.51328125 0.2859375 0.10625
5 0.90078125 0.59921875 0.0671875 0.025
10 0.68359375 0.525 0.0703125 0.0953125
9 0.903125 0.53203125 0.0765625 0.0859375
13 0.90234375 0.62734375 0.059375 0.025
14 0.6828125 0.61953125 0.05625 0.025
6 0.84140625 0.39140625 0.203125 0.05625
12 0.14765625 0.1046875 0.1375 0.0265625
11 0.13359375 0.14453125 0.1125 0.05
1 0.140625 0.2421875 0.1265625 0.025
0 0.13359375 0.27109375 0.125 0.0453125
4 0.909375 0.2421875 0.075 0.028125
3 0.89375 0.2671875 0.0984375 0.0265625
2 0.89296875 0.31875 0.1015625 0.0296875