8 0.0796875 0.5203125 0.04375 0.09375
7 0.29296875 0.5203125 0.2828125 0.096875
5 0.90390625 0.58515625 0.0671875 0.0234375
10 0.684375 0.51875 0.06640625 0.09375
9 0.90390625 0.51796875 0.0734375 0.0828125
13 0.90625 0.61328125 0.05859375 0.02265625
14 0.68671875 0.61328125 0.05546875 0.02265625
6 0.8375 0.3796875 0.20078125 0.05
12 0.134375 0.1171875 0.1375 0.021875
11 0.12109375 0.1578125 0.1109375 0.046875
1 0.13203125 0.2546875 0.1265625 0.02109375
0 0.12578125 0.284375 0.1234375 0.04140625
4 0.9 0.228125 0.07421875 0.025
3 0.88515625 0.25390625 0.0984375 0.0234375
2 0.88671875 0.30546875 0.10078125 0.0265625