10 0.58046875 0.5046875 0.1015625 0.1375
7 0.2828125 0.521875 0.22265625 0.15
0 0.2015625 0.24453125 0.16640625 0.0453125
8 0.71015625 0.49375 0.0390625 0.1375
5 0.83828125 0.5796875 0.0828125 0.025
9 0.834375 0.48984375 0.090625 0.13671875
6 0.84453125 0.628125 0.08203125 0.02421875
13 0.87109375 0.603125 0.0234375 0.01796875
4 0.82109375 0.34140625 0.07265625 0.01484375
3 0.82421875 0.35546875 0.0828125 0.0125
1 0.16328125 0.21015625 0.08515625 0.021875
12 0.79453125 0.06640625 0.1796875 0.04140625
11 0.78984375 0.14609375 0.1671875 0.046875