10 0.58046875 0.503125 0.1046875 0.1390625
7 0.28359375 0.52578125 0.225 0.153125
0 0.196875 0.25 0.1671875 0.0484375
8 0.71015625 0.48984375 0.0421875 0.1375
5 0.83984375 0.5734375 0.0828125 0.0265625
9 0.834375 0.484375 0.09375 0.1375
6 0.846875 0.621875 0.0828125 0.025
13 0.87265625 0.596875 0.0234375 0.01875
4 0.81796875 0.3359375 0.0734375 0.015625
3 0.821875 0.35 0.0828125 0.0140625
1 0.15859375 0.21640625 0.0859375 0.0234375
12 0.78671875 0.06171875 0.1796875 0.0453125
11 0.78359375 0.14140625 0.16875 0.05