8 0.4828125 0.4359375 0.053125 0.11875
9 0.86640625 0.4359375 0.1015625 0.128125
6 0.77578125 0.69140625 0.1765625 0.03203125
12 0.8046875 0.0578125 0.25625 0.025
1 0.14609375 0.22734375 0.14453125 0.0140625
13 0.88203125 0.60625 0.0765625 0.03125
5 0.8625 0.534375 0.115625 0.02734375
10 0.69765625 0.43671875 0.0859375 0.13203125
7 0.1484375 0.43515625 0.159375 0.13203125
11 0.84375 0.0921875 0.16875 0.046875
4 0.8671875 0.2171875 0.0640625 0.01953125
3 0.88046875 0.234375 0.0796875 0.01875
2 0.88125 0.253125 0.08828125 0.025
0 0.1703125 0.2546875 0.2 0.0375