8 0.48515625 0.43515625 0.0578125 0.1203125
9 0.86875 0.4484375 0.10625 0.13125
6 0.76875 0.70078125 0.178125 0.0375
12 0.8203125 0.06875 0.25625 0.034375
1 0.15546875 0.21484375 0.1453125 0.01875
13 0.878125 0.61953125 0.078125 0.034375
5 0.8609375 0.546875 0.1171875 0.03125
10 0.7 0.44375 0.090625 0.134375
7 0.15078125 0.42265625 0.1640625 0.1375
11 0.8578125 0.1046875 0.1703125 0.053125
4 0.8765625 0.23046875 0.0640625 0.021875
3 0.88984375 0.24765625 0.0796875 0.021875
2 0.88984375 0.26640625 0.0890625 0.028125
0 0.17890625 0.24296875 0.2015625 0.04375