8 0.1109375 0.4078125 0.0390625 0.0921875
12 0.68828125 0.828125 0.35 0.03125
7 0.29296875 0.4046875 0.275 0.090625
10 0.66640625 0.3953125 0.065625 0.0859375
6 0.8734375 0.528125 0.1046875 0.0328125
9 0.8875 0.390625 0.0578125 0.084375
1 0.12421875 0.23125 0.1203125 0.0203125
5 0.88515625 0.46171875 0.06875 0.0265625
13 0.8921875 0.49296875 0.059375 0.025
14 0.67265625 0.4984375 0.05625 0.028125
0 0.12578125 0.2640625 0.125 0.04375
4 0.89375 0.1953125 0.0734375 0.028125
3 0.8796875 0.22109375 0.096875 0.0265625
2 0.8828125 0.271875 0.0984375 0.028125
12 0.11640625 0.1328125 0.1203125 0.028125
11 0.1125 0.16328125 0.115625 0.0390625