8 0.1125 0.40078125 0.0375 0.0921875
12 0.6828125 0.83125 0.35 0.025
7 0.29453125 0.40078125 0.2734375 0.0859375
10 0.66796875 0.3984375 0.0640625 0.084375
6 0.87265625 0.534375 0.1046875 0.03125
9 0.8890625 0.39765625 0.05625 0.0828125
1 0.12890625 0.225 0.1203125 0.01875
5 0.8859375 0.46875 0.06875 0.025
13 0.8921875 0.5 0.059375 0.02421875
14 0.67265625 0.5015625 0.05546875 0.02734375
0 0.1296875 0.2578125 0.125 0.04140625
4 0.89921875 0.20234375 0.07265625 0.0265625
3 0.884375 0.228125 0.096875 0.025
2 0.88671875 0.27890625 0.09765625 0.0265625
12 0.12265625 0.12578125 0.1203125 0.02578125
11 0.11875 0.15625 0.115625 0.03671875