7 0.4015625 0.4734375 0.203125 0.19375
14 0.7015625 0.73046875 0.059375 0.0234375
10 0.56171875 0.47265625 0.0578125 0.1828125
5 0.7109375 0.7046875 0.06875 0.01875
3 0.41015625 0.23203125 0.1078125 0.0234375
1 0.6296875 0.24296875 0.13125 0.0234375
3 0.04296875 0.89375 0.0859375 0.0375
0 0.64453125 0.278125 0.16328125 0.04453125
6 0.70390625 0.76875 0.0828125 0.025
4 0.4328125 0.21015625 0.05 0.0171875
9 0.70546875 0.47734375 0.05859375 0.1890625
8 0.63515625 0.46953125 0.0421875 0.1765625
12 0.66328125 0.16015625 0.13203125 0.0328125