7 0.40234375 0.4703125 0.209375 0.2
14 0.69375 0.7375 0.0609375 0.025
10 0.5625 0.475 0.0640625 0.184375
5 0.70390625 0.71171875 0.06875 0.021875
3 0.41953125 0.22890625 0.1078125 0.0265625
1 0.63828125 0.24765625 0.13125 0.028125
3 0.03671875 0.8765625 0.0734375 0.040625
0 0.65234375 0.28359375 0.1640625 0.05
6 0.69453125 0.77578125 0.084375 0.028125
4 0.44296875 0.2078125 0.05 0.01875
9 0.70625 0.484375 0.065625 0.190625
8 0.6359375 0.47421875 0.0484375 0.178125
12 0.675 0.16640625 0.1328125 0.0375