6 0.8984375 0.884375 0.096875 0.028125
7 0.1359375 0.6984375 0.23125 0.15625
9 0.8875 0.69453125 0.10625 0.1390625
3 0.153125 0.23046875 0.125 0.0140625
5 0.89453125 0.80546875 0.0953125 0.0265625
8 0.63203125 0.69453125 0.0484375 0.1484375
10 0.3953125 0.69921875 0.115625 0.1484375
1 0.1046875 0.3734375 0.1453125 0.021875
0 0.18203125 0.39453125 0.3109375 0.0234375
12 0.884375 0.3734375 0.140625 0.021875
13 0.86875 0.8546875 0.040625 0.021875
14 0.86953125 0.83046875 0.04375 0.01875
11 0.81953125 0.39765625 0.278125 0.0234375
4 0.1921875 0.209375 0.096875 0.0234375
2 0.14609375 0.2515625 0.125 0.0234375