5 0.88359375 0.653125 0.090625 0.02578125
9 0.8890625 0.5625 0.09140625 0.065625
8 0.64296875 0.56875 0.0609375 0.06875
12 0.24296875 0.22109375 0.24765625 0.03203125
3 0.87265625 0.26328125 0.11328125 0.025
6 0.88359375 0.70703125 0.0859375 0.0203125
11 0.20703125 0.2546875 0.1796875 0.04296875
13 0.8921875 0.68046875 0.07109375 0.02578125
2 0.87265625 0.73125 0.10703125 0.02578125
4 0.8890625 0.23359375 0.06171875 0.02421875
7 0.41484375 0.56953125 0.31796875 0.07109375
10 0.7703125 0.56640625 0.08828125 0.07265625