8 0.7359375 0.43515625 0.04375 0.1890625
12 0.2828125 0.0890625 0.17578125 0.046875
3 0.83828125 0.14375 0.1359375 0.03125
7 0.24921875 0.43671875 0.1671875 0.1796875
1 0.17578125 0.25625 0.1609375 0.02109375
6 0.83203125 0.7234375 0.1234375 0.028125
11 0.35390625 0.803125 0.21328125 0.02265625
0 0.21796875 0.2796875 0.2515625 0.021875
4 0.21640625 0.14375 0.0765625 0.03125
10 0.65546875 0.434375 0.07109375 0.18359375
9 0.83359375 0.43046875 0.08203125 0.1828125
14 0.828125 0.684375 0.065625 0.01796875
5 0.83828125 0.66484375 0.0828125 0.0171875