8 0.73515625 0.43125 0.046875 0.1890625
12 0.27578125 0.09296875 0.1765625 0.05
3 0.83203125 0.13828125 0.1359375 0.034375
7 0.2484375 0.44140625 0.1703125 0.1828125
1 0.171875 0.26171875 0.1609375 0.0234375
6 0.8359375 0.71796875 0.1234375 0.0296875
11 0.359375 0.80546875 0.2140625 0.0265625
0 0.2140625 0.284375 0.2515625 0.0265625
4 0.21015625 0.1484375 0.0765625 0.0328125
10 0.6546875 0.43203125 0.075 0.184375
9 0.83203125 0.425 0.0859375 0.184375
14 0.83125 0.67890625 0.065625 0.01875
5 0.84140625 0.65859375 0.0828125 0.01875