8 0.54375 0.64609375 0.0515625 0.1140625
5 0.86015625 0.75078125 0.0828125 0.0234375
7 0.3359375 0.64296875 0.35 0.1171875
10 0.696875 0.6484375 0.08125 0.11953125
6 0.86015625 0.77578125 0.0828125 0.0203125
0 0.18203125 0.4890625 0.134375 0.04140625
9 0.8734375 0.64296875 0.07421875 0.11640625
4 0.80078125 0.09609375 0.0671875 0.0234375
3 0.8140625 0.11640625 0.09765625 0.01953125
2 0.81484375 0.15234375 0.09921875 0.02578125
12 0.34375 0.3109375 0.46171875 0.03359375
11 0.1796875 0.34375 0.128125 0.03828125
1 0.13984375 0.45625 0.0546875 0.021875