8 0.54609375 0.6453125 0.053125 0.115625
5 0.86484375 0.74453125 0.0828125 0.025
7 0.33828125 0.64609375 0.3515625 0.1234375
10 0.69921875 0.6453125 0.0828125 0.1203125
6 0.86484375 0.76953125 0.0828125 0.021875
0 0.18203125 0.49453125 0.134375 0.04375
9 0.87578125 0.63671875 0.0765625 0.1171875
4 0.79375 0.090625 0.0671875 0.025
3 0.80703125 0.1109375 0.0984375 0.021875
2 0.80859375 0.146875 0.1 0.028125
12 0.340625 0.3140625 0.4625 0.0421875
11 0.17734375 0.34921875 0.128125 0.040625
1 0.1390625 0.4625 0.0546875 0.0234375