3 0.83984375 0.31640625 0.15 0.0203125
10 0.6421875 0.54375 0.075 0.1625
7 0.22578125 0.54765625 0.2421875 0.1578125
8 0.43671875 0.5484375 0.0421875 0.165625
9 0.7984375 0.54453125 0.075 0.15546875
4 0.8703125 0.29140625 0.07109375 0.0234375
13 0.78515625 0.68125 0.034375 0.0203125
5 0.79921875 0.65859375 0.071875 0.021875
12 0.5046875 0.1703125 0.27578125 0.03828125
11 0.5046875 0.20625 0.4609375 0.02421875
6 0.79765625 0.73203125 0.0703125 0.0265625
2 0.22890625 0.9234375 0.1203125 0.02890625
12 0.178125 0.29140625 0.171875 0.0234375
11 0.22734375 0.35390625 0.26328125 0.0546875