3 0.83671875 0.31015625 0.15 0.0234375
10 0.64296875 0.54140625 0.078125 0.1640625
7 0.2265625 0.55234375 0.2453125 0.1625
8 0.4375 0.54921875 0.0453125 0.165625
9 0.79921875 0.5390625 0.078125 0.15625
4 0.86640625 0.28515625 0.071875 0.025
13 0.78828125 0.6765625 0.034375 0.0203125
5 0.8015625 0.653125 0.071875 0.0234375
12 0.49921875 0.1703125 0.2765625 0.04375
11 0.49921875 0.20625 0.4609375 0.0328125
6 0.8015625 0.7265625 0.0703125 0.028125
2 0.23671875 0.928125 0.1203125 0.03125
12 0.17421875 0.296875 0.171875 0.0265625
11 0.225 0.35859375 0.2640625 0.059375