7 0.36796875 0.49296875 0.1859375 0.2171875
5 0.7546875 0.63359375 0.053125 0.015625
10 0.53671875 0.4921875 0.0609375 0.2125
3 0.63125 0.3015625 0.078125 0.015625
9 0.7546875 0.4921875 0.059375 0.2125
8 0.6484375 0.49296875 0.0375 0.2140625
4 0.53359375 0.3 0.05625 0.0125
0 0.2515625 0.2765625 0.1578125 0.0140625
6 0.74765625 0.69765625 0.0640625 0.01875
1 0.228125 0.2515625 0.10625 0.025
12 0.2703125 0.159375 0.11875 0.03125
13 0.75703125 0.6515625 0.04375 0.0171875
11 0.53125 0.86328125 0.1125 0.03125