12 0.47890625 0.91015625 0.2 0.028125
6 0.85703125 0.6921875 0.0953125 0.0265625
8 0.5078125 0.56875 0.0328125 0.0875
10 0.7328125 0.5640625 0.09375 0.090625
7 0.18984375 0.57421875 0.1125 0.0890625
9 0.85703125 0.56171875 0.0765625 0.084375
5 0.85 0.63515625 0.0890625 0.025
13 0.83203125 0.66328125 0.0421875 0.025
14 0.20078125 0.67421875 0.0390625 0.025
12 0.13125 0.18359375 0.1265625 0.0234375
11 0.28828125 0.18203125 0.171875 0.0265625
1 0.1296875 0.215625 0.115625 0.0203125
0 0.14296875 0.25 0.14375 0.053125
3 0.87578125 0.17265625 0.090625 0.0296875
4 0.33515625 0.36953125 0.1875 0.0265625
3 0.86796875 0.35859375 0.0953125 0.021875