12 0.471875 0.909375 0.2 0.025
6 0.85390625 0.6984375 0.0953125 0.025
8 0.50625 0.56875 0.03125 0.0875
10 0.73203125 0.56796875 0.0921875 0.0890625
7 0.18828125 0.56875 0.1109375 0.0875
9 0.85625 0.56796875 0.075 0.0828125
5 0.84765625 0.64140625 0.0890625 0.0234375
13 0.82890625 0.66875 0.04140625 0.025
14 0.19765625 0.66875 0.0390625 0.025
12 0.13671875 0.17734375 0.1265625 0.021875
11 0.29375 0.178125 0.17109375 0.0234375
1 0.134375 0.209375 0.11484375 0.01875
0 0.14765625 0.24375 0.14296875 0.05
3 0.88125 0.17890625 0.090625 0.02734375
4 0.3375 0.36640625 0.1875 0.0234375
3 0.8703125 0.36484375 0.0953125 0.0203125