8 0.625 0.5734375 0.05625 0.14375
10 0.425 0.575 0.15625 0.1375
14 0.8265625 0.85703125 0.06875 0.0359375
1 0.34609375 0.31328125 0.6328125 0.040625
9 0.8234375 0.56953125 0.15625 0.1359375
12 0.8734375 0.10390625 0.18125 0.0546875
6 0.8015625 0.921875 0.13984375 0.034375
4 0.4234375 0.17734375 0.15390625 0.0390625
2 0.2953125 0.20859375 0.196875 0.02890625
0 0.29453125 0.34765625 0.5265625 0.02578125
7 0.15703125 0.5796875 0.23203125 0.17109375
5 0.85703125 0.79140625 0.1484375 0.0328125
13 0.72578125 0.88671875 0.0546875 0.03203125