8 0.6234375 0.57578125 0.059375 0.1453125
10 0.4234375 0.5734375 0.159375 0.140625
14 0.8203125 0.8625 0.06875 0.0375
1 0.34921875 0.3109375 0.6328125 0.0515625
9 0.821875 0.575 0.159375 0.1390625
12 0.88046875 0.11015625 0.1828125 0.0578125
6 0.79453125 0.92734375 0.140625 0.0375
4 0.42890625 0.17578125 0.1546875 0.0421875
2 0.30078125 0.2046875 0.196875 0.0328125
0 0.296875 0.34375 0.5265625 0.034375
7 0.15546875 0.5734375 0.234375 0.175
5 0.8515625 0.79765625 0.1484375 0.0359375
13 0.71875 0.890625 0.0546875 0.0328125