12 0.28515625 0.07265625 0.1890625 0.0265625
8 0.69765625 0.465625 0.0296875 0.075
6 0.9078125 0.853125 0.078125 0.0265625
11 0.41796875 0.09375 0.45 0.015625
4 0.675 0.17265625 0.0515625 0.0234375
3 0.884375 0.203125 0.096875 0.0203125
2 0.884375 0.2265625 0.0921875 0.021875
1 0.12578125 0.1984375 0.1390625 0.0203125
0 0.15234375 0.22734375 0.190625 0.0375
7 0.4109375 0.4640625 0.278125 0.078125
10 0.784375 0.46484375 0.0625 0.075
9 0.90625 0.46484375 0.065625 0.08125
5 0.90625 0.7953125 0.071875 0.021875