12 0.2921875 0.06875 0.1890625 0.0265625
8 0.69765625 0.465625 0.0296875 0.07578125
6 0.903125 0.8609375 0.07109375 0.02109375
11 0.428125 0.0921875 0.453125 0.0203125
4 0.68125 0.175 0.0515625 0.0234375
3 0.8921875 0.2109375 0.09609375 0.0203125
2 0.8921875 0.2359375 0.0921875 0.021875
1 0.13359375 0.19453125 0.1390625 0.0203125
0 0.15703125 0.225 0.19140625 0.03828125
7 0.4109375 0.4640625 0.27890625 0.07734375
10 0.78984375 0.471875 0.06328125 0.07421875
9 0.90859375 0.471875 0.0625 0.07578125
5 0.9 0.80546875 0.06875 0.01796875