10 0.7015625 0.5265625 0.059375 0.0890625
7 0.1734375 0.5375 0.25 0.096875
9 0.89375 0.52265625 0.053125 0.0890625
8 0.50546875 0.53125 0.0453125 0.10625
1 0.68125 0.2046875 0.2453125 0.0296875
11 0.196875 0.215625 0.303125 0.028125
12 0.14296875 0.19453125 0.2 0.0296875
0 0.68671875 0.2359375 0.2609375 0.0453125
4 0.1984375 0.31171875 0.0734375 0.0265625
3 0.17109375 0.33671875 0.1234375 0.0265625
2 0.2171875 0.36171875 0.128125 0.028125
5 0.90234375 0.6421875 0.06875 0.0328125
6 0.9125 0.79765625 0.0875 0.0375
13 0.909375 0.6859375 0.078125 0.0421875
14 0.7203125 0.6875 0.0421875 0.046875