10 0.70078125 0.5296875 0.0578125 0.0875
7 0.17265625 0.53203125 0.2484375 0.0921875
9 0.89296875 0.5296875 0.0515625 0.0875
8 0.5046875 0.53125 0.04375 0.10625
1 0.68671875 0.2078125 0.2453125 0.025
11 0.2015625 0.21015625 0.303125 0.0234375
12 0.1484375 0.18828125 0.19921875 0.02578125
0 0.69140625 0.2390625 0.2609375 0.040625
4 0.2015625 0.30625 0.07265625 0.025
3 0.17421875 0.33125 0.12265625 0.025
2 0.21953125 0.35703125 0.128125 0.0265625
5 0.9 0.64921875 0.06875 0.03203125
6 0.90703125 0.8046875 0.08671875 0.03671875
13 0.90625 0.69296875 0.078125 0.04140625
14 0.7171875 0.69140625 0.04140625 0.046875