7 0.1953125 0.54375 0.3 0.2
10 0.84765625 0.53828125 0.1078125 0.1890625
8 0.65625 0.540625 0.046875 0.190625
10 0.45 0.54140625 0.096875 0.1953125
3 0.22578125 0.1890625 0.21640625 0.02109375
4 0.2421875 0.1625 0.1125 0.025
2 0.3390625 0.2125 0.22109375 0.02734375
12 0.8671875 0.1125 0.21953125 0.05859375
1 0.15703125 0.26796875 0.22890625 0.0265625
0 0.2375 0.290625 0.384375 0.02265625
5 0.78203125 0.734375 0.10703125 0.03046875
6 0.72890625 0.82265625 0.1015625 0.02890625
13 0.8453125 0.79609375 0.090625 0.0265625
14 0.7578125 0.79609375 0.03515625 0.0296875