7 0.196875 0.5546875 0.30625 0.2109375
10 0.8484375 0.52578125 0.1140625 0.1921875
8 0.6578125 0.53515625 0.053125 0.1921875
10 0.4515625 0.54296875 0.103125 0.1984375
3 0.21484375 0.1984375 0.2171875 0.028125
4 0.23046875 0.171875 0.1140625 0.0296875
2 0.32890625 0.21796875 0.221875 0.034375
12 0.853125 0.1 0.221875 0.065625
1 0.14921875 0.28046875 0.2296875 0.034375
0 0.23046875 0.3 0.384375 0.0359375
5 0.78984375 0.72421875 0.1078125 0.034375
6 0.73984375 0.81484375 0.103125 0.0328125
13 0.85546875 0.78359375 0.0921875 0.0296875
14 0.76796875 0.78671875 0.0359375 0.03125