3 0.21875 0.1703125 0.1671875 0.03125
4 0.26015625 0.14453125 0.1046875 0.0296875
10 0.671875 0.5640625 0.1109375 0.1515625
8 0.46796875 0.55546875 0.053125 0.1640625
9 0.871875 0.56328125 0.0984375 0.1625
7 0.20703125 0.5546875 0.315625 0.1625
12 0.68359375 0.08828125 0.184375 0.0265625
5 0.871875 0.7 0.078125 0.0265625
11 0.7328125 0.11015625 0.2734375 0.0265625
2 0.20625 0.1953125 0.1703125 0.0265625
1 0.7109375 0.23515625 0.23125 0.0484375
0 0.71875 0.26796875 0.246875 0.03125
6 0.8765625 0.7859375 0.08125 0.021875
14 0.8796875 0.7296875 0.04375 0.01875
13 0.8796875 0.74921875 0.0609375 0.01875