3 0.21328125 0.175 0.1671875 0.028125
4 0.25390625 0.1484375 0.1046875 0.028125
10 0.67265625 0.5609375 0.1078125 0.15
8 0.46875 0.55625 0.05 0.1625
9 0.87265625 0.55703125 0.0953125 0.1609375
7 0.2078125 0.56015625 0.3125 0.1578125
12 0.6765625 0.08515625 0.184375 0.0234375
5 0.875 0.69375 0.078125 0.025
11 0.72578125 0.10625 0.2734375 0.021875
2 0.20078125 0.20078125 0.1703125 0.0234375
1 0.70625 0.23125 0.23125 0.04375
0 0.71484375 0.2640625 0.24609375 0.02734375
6 0.88125 0.7796875 0.08046875 0.0203125
14 0.88359375 0.72265625 0.04375 0.01875
13 0.88359375 0.7421875 0.06015625 0.01796875