10 0.68046875 0.53359375 0.0640625 0.078125
8 0.5109375 0.5375 0.034375 0.08125
3 0.23984375 0.3015625 0.1296875 0.0203125
12 0.7125 0.06015625 0.3875 0.05
7 0.2359375 0.53125 0.25625 0.0796875
10 0.86953125 0.53671875 0.0609375 0.075
11 0.73046875 0.10078125 0.35 0.0359375
4 0.24453125 0.2765625 0.1 0.0296875
2 0.2875 0.32578125 0.1328125 0.0234375
1 0.7765625 0.28515625 0.2453125 0.034375
0 0.7515625 0.31171875 0.303125 0.034375
5 0.8703125 0.66875 0.05 0.028125
13 0.85625 0.70078125 0.071875 0.025
6 0.853125 0.7625 0.06875 0.0265625
14 0.56484375 0.6921875 0.0359375 0.0390625