10 0.68125 0.53046875 0.0625 0.0765625
8 0.51171875 0.5375 0.0328125 0.08125
3 0.23671875 0.30625 0.1296875 0.01875
12 0.7046875 0.05625 0.3875 0.04375
7 0.23671875 0.5359375 0.2546875 0.075
10 0.8703125 0.53046875 0.059375 0.0734375
11 0.7234375 0.096875 0.34921875 0.03046875
4 0.240625 0.28125 0.1 0.028125
2 0.284375 0.3296875 0.13203125 0.02109375
1 0.77265625 0.28046875 0.2453125 0.0296875
0 0.7484375 0.30703125 0.30234375 0.0296875
5 0.8734375 0.6625 0.04921875 0.02734375
13 0.859375 0.69453125 0.071875 0.0234375
6 0.8578125 0.75625 0.06875 0.025
14 0.56796875 0.69140625 0.03515625 0.03828125